0.2 0.04282019898750122
0.21581581581581583 0.04487046540430928
0.23163163163163164 0.0467033839249823
0.24744744744744746 0.04830127938009621
0.26326326326326327 0.0496598285275881
0.2790790790790791 0.05078793503867485
0.29489489489489495 0.051706982315414485
0.31071071071071077 0.05244949679400879
0.3265265265265266 0.05305728452988445
0.3423423423423424 0.053579132295654364
0.3581581581581582 0.054068189697569435
0.373973973973974 0.0545791695215645
0.38978978978978984 0.05516551836559569
0.40560560560560566 0.05587671750127543
0.42142142142142147 0.056755873997994755
0.4372372372372373 0.057837753926422875
0.4530530530530531 0.059147392805147025
0.4688688688688689 0.060699393650879285
0.48468468468468473 0.062497990762257594
0.5005005005005005 0.06453791886638283
0.5163163163163164 0.06680608404987987
0.5321321321321322 0.06928398690390147
0.547947947947948 0.0719508017409144
0.5637637637637638 0.07478697098601561
0.5795795795795797 0.07777813338132122
0.5953953953953954 0.0809191708971122
0.6112112112112114 0.08421813446979654
0.6270270270270271 0.08769979482857904
0.642842842842843 0.0914085632427788
0.6586586586586587 0.09541053899217578
0.6744744744744746 0.09979446607696563
0.6902902902902903 0.1046714207964985
0.7061061061061062 0.11017310327487606
0.721921921921922 0.11644866802684983
0.7377377377377379 0.12366009880802764
0.7535535535535536 0.13197620827122503
0.7693693693693695 0.1415654198910017
0.7851851851851852 0.15258756445044008
0.8010010010010011 0.16518499220762062
0.8168168168168168 0.17947336083655896
0.8326326326326328 0.19553250479422202
0.8484484484484485 0.21339782078789904
0.8642642642642644 0.23305261403680444
0.8800800800800801 0.2544218393746185
0.895895895895896 0.27736763919473917
0.9117117117117117 0.30168702708419404
0.9275275275275277 0.32711199306832417
0.9433433433433434 0.3533122160803992
0.9591591591591593 0.37990046493520935
0.9749749749749752 0.40644065493235426
0.9907907907907909 0.43245840813502834
1.0066066066066068 0.4574538467265469
1.0224224224224225 0.4809162362300462
1.0382382382382385 0.502339994339154
1.0540540540540542 0.5212414968891936
1.06986986986987 0.537176049758829
1.0856856856856858 0.549754358058534
1.1015015015015017 0.558657814613043
1.1173173173173174 0.5636519500350304
1.1331331331331334 0.5645974368295628
1.148948948948949 0.561458118777671
1.164764764764765 0.5543056417489235
1.1805805805805807 0.5433203892046072
1.1963963963963966 0.5287885699298274
1.2122122122122123 0.5110954609737353
1.2280280280280282 0.4907149686856572
1.243843843843844 0.46819582801964466
1.2596596596596599 0.44414490778194815
1.2754754754754756 0.4192082203280231
1.2912912912912915 0.3940503420960958
1.3071071071071072 0.36933303092877734
1.3229229229229231 0.34569387320965506
1.3387387387387388 0.32372580566874753
1.3545545545545548 0.3039583321007917
1.3703703703703705 0.2868411946615541
1.3861861861861864 0.27273116499015404
1.402002002002002 0.2618824958695013
1.417817817817818 0.2544414246398693
1.4336336336336337 0.2504449514954348
1.4494494494494496 0.2498239364249234
1.4652652652652653 0.25241037580970804
1.4810810810810813 0.25794854170531334
1.496896896896897 0.2661095016006071
1.512712712712713 0.2765083914480658
1.5285285285285286 0.2887236965889849
1.5443443443443445 0.30231770927062507
1.5601601601601602 0.31685728172999006
1.5759759759759762 0.33193398262175844
1.5917917917917919 0.34718279246055717
1.6076076076076078 0.3622985395082543
1.6234234234234235 0.3770493782107034
1.6392392392392394 0.3912867433256272
1.6550550550550551 0.4049513683521857
1.670870870870871 0.41807512973862926
1.6866866866866868 0.430778660801164
1.7025025025025027 0.4432648631247107
1.7183183183183186 0.455808620205829
1.7341341341341343 0.46874318037706075
1.7499499499499502 0.48244381648860024
1.765765765765766 0.4973094823447787
1.7815815815815819 0.5137432657603974
1.7973973973973976 0.5321324821190451
1.8132132132132135 0.5528292589617756
1.8290290290290292 0.5761324316168939
1.8448448448448451 0.6022715041032738
1.8606606606606608 0.6313933319874176
1.8764764764764768 0.6635520594323037
1.8922922922922925 0.6987026973738599
1.9081081081081084 0.7366985704725545
1.923923923923924 0.7772926945929435
1.93973973973974 0.8201429815929411
1.9555555555555557 0.8648210114794487
1.9713713713713716 0.910823970283103
1.9871871871871873 0.9575892312429728
2.0030030030030033 1.0045109618796875
2.018818818818819 1.0509580737671163
2.034634634634635 1.0962927973388805
2.050450450450451 1.1398891614346824
2.0662662662662665 1.1811506855652283
2.0820820820820822 1.2195266497180866
2.0978978978978984 1.2545263883617486
2.113713713713714 1.2857311575195485
2.12952952952953 1.3128032409889379
2.1453453453453455 1.3354920880912937
2.1611611611611616 1.3536374046765451
2.1769769769769773 1.367169245505598
2.192792792792793 1.3761052740133677
2.208608608608609 1.380545459883856
2.224424424424425 1.380664571773605
2.2402402402402406 1.376702888850886
2.2560560560560567 1.3689555986525748
2.2718718718718725 1.3577613693481236
2.287687687687688 1.3434905822447976
2.303503503503504 1.3265336867554072
2.31931931931932 1.3072900975183255
2.3351351351351357 1.286157995133353
2.3509509509509514 1.263525321861845
2.366766766766767 1.2397621858005259
2.3825825825825833 1.2152148057683358
2.398398398398399 1.1902010486385712
2.4142142142142147 1.1650075349889852
2.4300300300300304 1.1398882211221415
2.4458458458458465 1.1150643084776413
2.4616616616616622 1.0907252872204158
2.477477477477478 1.0670308905408592
2.4932932932932936 1.0441137203180941
2.50910910910911 1.0220823028628272
2.5249249249249255 1.001024344341256
2.540740740740741 0.9810099774495975
2.556556556556557 0.9620948217527329
2.572372372372373 0.9443227172970226
2.5881881881881887 0.927728031980901
2.6040040040040044 0.9123374850516487
2.61981981981982 0.8981714694887265
2.6356356356356363 0.885244892724216
2.651451451451452 0.8735675863329467
2.6672672672672677 0.8631443596723357
2.6830830830830834 0.8539747891620253
2.6988988988988996 0.8460528436960526
2.7147147147147153 0.8393664478148365
2.730530530530531 0.8338970784254666
2.746346346346347 0.8296194791185536
2.762162162162163 0.8265015598398531
2.7779779779779785 0.8245045303576439
2.7937937937937942 0.8235832952030528
2.8096096096096104 0.823687117079335
2.825425425425426 0.8247605365162112
2.8412412412412418 0.8267445189320553
2.8570570570570575 0.8295777871104402
2.8728728728728736 0.833198287916324
2.8886886886886893 0.8375447370448327
2.904504504504505 0.8425581845553791
2.9203203203203207 0.8481835464450841
2.936136136136137 0.8543710528702533
2.9519519519519526 0.8610775709794543
2.9677677677677683 0.8682677687383253
2.983583583583584 0.8759150946658527
2.9993993993994 0.8840025562062668
3.015215215215216 0.8925232858243534
3.0310310310310316 0.9014808883399257
3.0468468468468473 0.9108895652648069
3.0626626626626634 0.92077401199736
3.078478478478479 0.9311690819550633
3.094294294294295 0.9421192086144491
3.1101101101101105 0.9536775727034191
3.1259259259259267 0.9659049983087604
3.1417417417417424 0.9788685593335273
3.157557557557558 0.9926398774520595
3.1733733733733738 1.0072930952445214
3.18918918918919 1.0229025141431372
3.2050050050050056 1.0395398965327054
3.2208208208208213 1.0572714448612968
3.2366366366366375 1.0761544876448355
3.252452452452453 1.0962339221653383
3.268268268268269 1.1175384855206671
3.2840840840840846 1.1400769482594848
3.2998998998999007 1.1638343466908923
3.3157157157157164 1.1887683895255978
3.331531531531532 1.2148061901830196
3.347347347347348 1.2418414863571718
3.363163163163164 1.269732511923682
3.3789789789789797 1.298300681921872
3.3947947947947954 1.327330238461502
3.410610610610611 1.3565689837275223
3.4264264264264273 1.385730196022427
3.442242242242243 1.414495786739205
3.4580580580580587 1.4425207115445615
3.4738738738738744 1.4694385995788517
3.4896896896896905 1.4948685122449226
3.505505505505506 1.5184226905573968
3.521321321321322 1.5397150996302755
3.5371371371371376 1.5583705333130125
3.5529529529529538 1.5740340037667448
3.5687687687687695 1.586380112188711
3.584584584584585 1.595122079857798
3.600400400400401 1.6000201146106034
3.616216216216217 1.6008887976015056
3.6320320320320327 1.597603198934006
3.6478478478478484 1.5901034679678139
3.663663663663664 1.5783976936145776
3.6794794794794803 1.5625628898956703
3.695295295295296 1.5427440300366737
3.7111111111111117 1.519151125538921
3.7269269269269274 1.4920544217918676
3.7427427427427435 1.4617778554889376
3.7585585585585592 1.4286909879936123
3.774374374374375 1.3931996896449341
3.790190190190191 1.355735899894422
3.806006006006007 1.316746824712032
3.8218218218218225 1.2766839540788038
3.837637637637638 1.2359922874974252
3.8534534534534544 1.1951001439691913
3.86926926926927 1.1544099052719254
3.8850850850850858 1.1142899988713084
3.9009009009009015 1.0750683713716638
3.9167167167167176 1.0370276376512066
3.9325325325325333 1.0004020178193105
3.948348348348349 0.9653760973120379
3.9641641641641647 0.9320853684124113
3.979979979979981 0.9006184378403527
3.9957957957957966 0.871020718211772
4.011611611611612 0.8432993641647414
4.027427427427428 0.8174291693296771
4.043243243243244 0.7933591099801466
4.059059059059059 0.7710192063143921
4.074874874874875 0.7503273732774547
4.090690690690691 0.7311959492401194
4.106506506506507 0.7135376215408179
4.122322322322323 0.6972705110127202
4.138138138138139 0.6823222307131525
4.1539539539539545 0.6686327942430328
4.16976976976977 0.6561563130877726
4.185585585585586 0.6448614869970444
4.2014014014014025 0.6347309532642356
4.217217217217218 0.6257596167993051
4.233033033033034 0.6179521304162942
4.24884884884885 0.6113197315914984
4.264664664664665 0.6058766665155022
4.280480480480481 0.6016364436706767
4.296296296296297 0.5986081572406379
4.312112112112113 0.5967931059354338
4.327927927927929 0.5961819064982231
4.343743743743745 0.5967522650353755
4.35955955955956 0.5984675256491434
4.375375375375376 0.6012760672610683
4.391191191191192 0.6051115687999712
4.4070070070070075 0.6098941129322974
4.422822822822823 0.6155320519566649
4.43863863863864 0.6219245188244056
4.4544544544544555 0.6289644335442389
4.470270270270271 0.6365418320429366
4.486086086086087 0.6445473318718903
4.501901901901903 0.6528755473438346
4.517717717717718 0.661428275505866
4.533533533533534 0.670117292964154
4.54934934934935 0.6788666306026101
4.565165165165166 0.6876142268734065
4.580980980980982 0.6963128984471324
4.596796796796798 0.7049306072639614
4.6126126126126135 0.7134500430357795
4.628428428428429 0.7218675777046211
4.644244244244245 0.7301916811680835
4.660060060060061 0.7384409139685247
4.675875875875876 0.7466416312631827
4.691691691691693 0.7548255423915391
4.707507507507509 0.763027271408993
4.723323323323324 0.7712820562742324
4.73913913913914 0.7796237086866634
4.754954954954956 0.7880829340544582
4.770770770770771 0.7966860832974019
4.786586586586587 0.805454376995281
4.802402402402404 0.8144036097895873
4.818218218218219 0.823544310982509
4.834034034034035 0.8328823079190767
4.849849849849851 0.8424196137538211
4.8656656656656665 0.8521555420588841
4.881481481481482 0.8620879385076174
4.897297297297298 0.8722144152037183
4.913113113113114 0.882533476281833
4.92892892892893 0.8930454338630588
4.944744744744746 0.9037530305355801
4.960560560560562 0.9146617070731136
4.976376376376377 0.9257794806024185
4.992192192192193 0.9371164271553243
5.008008008008009 0.9486837916361592
5.023823823823824 0.9604927758380285
5.03963963963964 0.9725530794904461
5.055455455455457 0.9848712888658139
5.071271271271272 0.9974492209653971
5.087087087087088 1.0102823378761694
5.102902902902904 1.0233583450957489
5.1187187187187195 1.0366560794747393
5.134534534534535 1.0501447773865213
5.150350350350351 1.0637837926889235
5.166166166166167 1.0775228082435697
5.181981981981983 1.091302555753055
5.197797797797799 1.105056028209083
5.213613613613615 1.1187101391571495
5.22942942942943 1.1321877551011827
5.245245245245246 1.1454100033973287
5.261061061061062 1.158298739397234
5.2768768768768775 1.1707790445627637
5.292692692692694 1.1827816225689733
5.30850850850851 1.1942449633945866
5.3243243243243255 1.2051171559732394
5.340140140140141 1.2153572476028043
5.355955955955957 1.2249360720283224
5.371771771771773 1.2338364966107602
5.387587587587588 1.2420530706697346
5.403403403403404 1.2495910901527514
5.419219219219221 1.2564651263574236
5.435035035035036 1.262697096657752
5.450850850850852 1.2683139813289739
5.466666666666668 1.273345311122484
5.482482482482483 1.2778205640204805
5.498298298298299 1.2817666157880472
5.514114114114115 1.2852053871545064
5.5299299299299305 1.2881518207614042
5.545745745745747 1.2906123039219812
5.561561561561563 1.2925836296729205
5.5773773773773785 1.2940525598530894
5.593193193193194 1.294996021595069
5.60900900900901 1.2953819344429123
5.624824824824826 1.2951706311927165
5.640640640640641 1.2943168033641588
5.656456456456457 1.2927718737128668
5.672272272272274 1.2904866749380002
5.688088088088089 1.287414296984188
5.703903903903905 1.2835129559757077
5.719719719719721 1.2787487363354961
5.735535535535536 1.2730980640781633
5.751351351351352 1.266549783234734
5.767167167167168 1.259106728066262
5.782982982982984 1.2507867099892327
5.7987987987988 1.2416228685072759
5.814614614614616 1.231663368248295
5.8304304304304315 1.2209704576534368
5.846246246246247 1.2096189371467627
5.862062062062063 1.1976941140080062
5.877877877877879 1.1852893461292153
5.893693693693694 1.1725032960750323
5.909509509509511 1.1594370294313359
5.925325325325327 1.1461910967421594
5.941141141141142 1.1328627362300956
5.956956956956958 1.1195433252103821
5.972772772772774 1.1063161922735159
5.9885885885885894 1.0932548809053715
6.004404404404405 1.0804219295069304
6.020220220220221 1.0678682042518475
6.0360360360360374 1.0556327914913242
6.051851851851853 1.043743427130064
6.067667667667669 1.0322174131453359
6.0834834834834846 1.021062947649086
6.0992992992993 1.0102807758223198
6.115115115115116 0.9998660556150591
6.130930930930932 0.9898103249016911
6.146746746746747 0.9801034560451807
6.162562562562564 0.9707354894199944
6.17837837837838 0.9616982488840076
6.194194194194195 0.9529866586662733
6.210010010010011 0.9445997015758053
6.225825825825827 0.9365409815621489
6.2416416416416425 0.9288188780747964
6.257457457457458 0.9214463039389503
6.273273273273275 0.9144401011973162
6.2890890890890905 0.9078201292925068
6.304904904904906 0.9016081160077287
6.320720720720722 0.8958263529228798
6.336536536536538 0.8904963232524494
6.352352352352353 0.8856373506040196
6.368168168168169 0.881265352550162
6.383983983983985 0.8773917733720897
6.399799799799801 0.8740227566201494
6.415615615615617 0.8711586011856886
6.431431431431433 0.8687935255040251
6.447247247247248 0.8669157445240353
6.463063063063064 0.8655078444284954
6.47887887887888 0.8645474219656393
6.4946946946946955 0.8640079397330913
6.510510510510511 0.8638597367363917
6.526326326326328 0.8640711256902004
6.5421421421421435 0.864609505237727
6.557957957957959 0.8654424166425406
6.573773773773775 0.8665384803768318
6.589589589589591 0.8678681579376588
6.605405405405406 0.869404297471523
6.621221221221222 0.8711224374850243
6.637037037037038 0.8730008600330715
6.652852852852854 0.8750204021991796
6.66866866866867 0.8771640513016523
6.684484484484486 0.8794163640238618
6.700300300300301 0.8817627616510848
6.716116116116117 0.8841887620564397
6.731931931931933 0.8866792134955941
6.7477477477477485 0.8892175953805693
6.763563563563564 0.8917854470131407
6.779379379379381 0.8943619770413591
6.7951951951951965 0.896923894681022
6.811011011011012 0.8994454892556984
6.826826826826828 0.9018989682620482
6.842642642642644 0.9042550469832035
6.858458458458459 0.9064837657243282
6.874274274274275 0.9085554950891271
6.890090090090092 0.9104420763332637
6.905905905905907 0.912118033561572
6.921721721721723 0.9135617880330716
6.937537537537539 0.9147568025255512
6.9533533533533545 0.9156925857609127
6.96916916916917 0.9163654932109808
6.984984984984986 0.91677927084053
7.000800800800802 0.9169453019124264
7.016616616616618 0.91688253308981
7.032432432432434 0.9166170737783288
7.04824824824825 0.9161814809154181
7.064064064064065 0.9156137591550008
7.079879879879881 0.9149561225641145
7.095695695695697 0.914253577582397
7.111511511511512 0.913552397282873
7.127327327327328 0.9128985632953336
7.143143143143145 0.9123362537261586
7.15895895895896 0.9119064529001673
7.174774774774776 0.9116457518934065
7.190590590590592 0.9115853980085249
7.2064064064064075 0.9117506371871336
7.222222222222223 0.9121603766735443
7.238038038038039 0.9128271770074929
7.253853853853855 0.9137575636883433
7.269669669669671 0.9149526307088088
7.285485485485487 0.9164088916584631
7.301301301301303 0.9181193202076289
7.317117117117118 0.9200745113113971
7.332932932932934 0.9222638880342611
7.34874874874875 0.9246768768672459
7.364564564564565 0.9273039769145818
7.380380380380382 0.9301376552259224
7.396196196196198 0.9331730114475212
7.412012012012013 0.936408169233875
7.427827827827829 0.9398443686758765
7.443643643643645 0.9434857523893966
7.4594594594594605 0.9473388568034347
7.475275275275276 0.9514118384920095
7.491091091091092 0.9557134820429151
7.5069069069069085 0.9602520499763814
7.522722722722724 0.9650340457933531
7.53853853853854 0.9700629677186403
7.554354354354356 0.9753381327128522
7.570170170170171 0.9808536477182723
7.585985985985987 0.9865975980003221
7.601801801801803 0.9925515112272291
7.6176176176176185 0.9986901412102744
7.633433433433435 1.0049815978203036
7.649249249249251 1.0113878304721096
7.6650650650650665 1.0178654527956355
7.680880880880882 1.0243668767997152
7.696696696696698 1.0308417070654736
7.712512512512514 1.0372383302835075
7.728328328328329 1.0435056236326048
7.744144144144145 1.0495946977607054
7.759959959959962 1.0554605869181362
7.775775775775777 1.0610638003055368
7.791591591591593 1.066371654870133
7.807407407407409 1.0713593202928382
7.823223223223224 1.0760105211953754
7.83903903903904 1.080317858894223
7.854854854854856 1.084282734405777
7.870670670670672 1.0879148748212872
7.886486486486488 1.0912314855230636
7.902302302302304 1.0942560699133743
7.9181181181181195 1.0970169753483605
7.933933933933935 1.0995457379069904
7.949749749749751 1.1018753087457152
7.965565565565567 1.1040382505687694
7.981381381381382 1.1060649938943474
7.997197197197199 1.1079822392812055
8.013013013013014 1.1098115837123899
8.02882882882883 1.1115684373636836
8.044644644644645 1.1132612816754541
8.060460460460462 1.114891301832133
8.076276276276277 1.1164524073936406
8.092092092092093 1.1179316349504982
8.107907907907908 1.1193099073378188
8.123723723723725 1.12056310615084
8.139539539539541 1.121663398969295
8.155355355355356 1.1225807505902048
8.171171171171173 1.1232845392766933
8.186986986986987 1.1237451949308277
8.202802802802804 1.1239357763393747
8.218618618618619 1.1238334091378064
8.234434434434435 1.1234205145803924
8.25025025025025 1.1226857710791351
8.266066066066067 1.121624765095146
8.281881881881882 1.1202403045136957
8.297697697697698 1.1185423852034424
8.313513513513515 1.1165478191106772
8.32932932932933 1.1142795490462585
8.345145145145146 1.1117656904273339
8.360960960960961 1.1090383528896899
8.376776776776778 1.1061323042899442
8.392592592592592 1.1030835457479018
8.408408408408409 1.0999278688124683
8.424224224224226 1.0966994645477068
8.44004004004004 1.0934296495067035
8.455855855855857 1.0901457655526772
8.471671671671672 1.0868702998221538
8.487487487487488 1.0836202584541723
8.503303303303303 1.0804068137707297
8.51911911911912 1.0772352301701937
8.534934934934935 1.0741050598712745
8.550750750750751 1.0710105865615975
8.566566566566568 1.067941483621189
8.582382382382383 1.0648836444501166
8.5981981981982 1.0618201359315023
8.614014014014014 1.058732222446104
8.62982982982983 1.0556004071942855
8.645645645645645 1.0524054397803921
8.661461461461462 1.049129243822573
8.677277277277279 1.045755725381326
8.693093093093093 1.0422714317564667
8.70890890890891 1.0386660401120156
8.724724724724725 1.0349326658372986
8.740540540540541 1.031067990921537
8.756356356356356 1.0270722223210917
8.772172172172173 1.0229488988103177
8.787987987987988 1.0187045716984537
8.803803803803804 1.014348389750102
8.81961961961962 1.0098916214785603
8.835435435435436 1.005347148637298
8.851251251251252 1.000728963296226
8.867067067067067 0.9960516975601702
8.882882882882884 0.9913302100775625
8.898698698698698 0.9865792473918373
8.914514514514515 0.981813191356562
8.930330330330332 0.9770458967450689
8.946146146146146 0.9722906163092929
8.961961961961963 0.9675600043207913
8.977777777777778 0.9628661844398969
8.993593593593594 0.9582208639054904
9.00940940940941 0.9536354737189878
9.025225225225226 0.9491213138049468
9.041041041041042 0.9446896830500304
9.056856856856857 0.9403519765281922
9.072672672672674 0.93611973589377
9.088488488488489 0.9320046435674815
9.104304304304305 0.9280184565971473
9.12012012012012 0.9241728815560633
9.135935935935937 0.9204793971506326
9.151751751751751 0.9169490359674319
9.167567567567568 0.9135921406635978
9.183383383383385 0.9104181126232427
9.1991991991992 0.907435172477602
9.215015015015016 0.9046501518217476
9.230830830830831 0.9020683339579031
9.246646646646647 0.899693358653735
9.262462462462462 0.8975272019125178
9.278278278278279 0.8955702368767908
9.294094094094095 0.8938213765536248
9.30990990990991 0.8922782934214004
9.325725725725727 0.8909377055331901
9.341541541541542 0.8897957138384489
9.357357357357358 0.8888481714371896
9.373173173173173 0.8880910626383611
9.38898898898899 0.8875208682228717
9.404804804804806 0.8871348933312229
9.420620620620621 0.8869315359313237
9.436436436436438 0.8869104768026983
9.452252252252253 0.8870727762356186
9.468068068068069 0.8874208679418474
9.483883883883884 0.887958446694227
9.4996996996997 0.8886902525933831
9.515515515515515 0.8896217612130994
9.531331331331332 0.8907587948107273
9.547147147147149 0.8921070749360548
9.562962962962963 0.893671740806371
9.57877877877878 0.8954568604763575
9.594594594594595 0.8974649629388338
9.610410410410411 0.8996966187581781
9.626226226226226 0.9021500946721431
9.642042042042043 0.9048211039073399
9.65785785785786 0.9077026689382015
9.673673673673674 0.9107851073586659
9.68948948948949 0.9140561447740145
9.705305305305306 0.9175011515452439
9.721121121121122 0.9211034932391744
9.736936936936937 0.924844978160271
9.752752752752754 0.9287063797442201
9.768568568568568 0.9326680072084144
9.784384384384385 0.9367102949417556
9.800200200200202 0.9408143798520959
9.816016016016016 0.944962636356019
9.831831831831833 0.9491391408742643
9.847647647647648 0.9533300414698321
9.863463463463464 0.9575238134252588
9.87927927927928 0.9617113878110111
9.895095095095096 0.9658861470954281
9.910910910910912 0.970043789191905
9.926726726726727 0.9741820686149452
9.942542542542544 0.9783004302109196
9.958358358358359 0.9823995568573394
9.974174174174175 0.9864808572513669
9.98998998998999 0.9905459231683222
10.005805805805807 0.9945959871824477
10.021621621621623 0.9986314117176455
10.037437437437438 1.002651238446985
10.053253253253255 1.0066528235959848
10.06906906906907 1.0106315798269336
10.084884884884886 1.014580839370171
10.1007007007007 1.0184918462665236
10.116516516516517 1.0223538783794535
10.132332332332332 1.026154492632841
10.148148148148149 1.0298798801351907
10.163963963963965 1.033515311841891
10.17977977977978 1.0370456505154866
10.195595595595597 1.0404559012352057
10.211411411411412 1.0437317707664133
10.227227227227228 1.0468602058229572
10.243043043043043 1.0498298816401672
10.25885885885886 1.0526316152291662
10.274674674674676 1.0552586820216474
10.290490490490491 1.0577070200794116
10.306306306306308 1.0599753123145583
10.322122122122122 1.0620649438821204
10.337937937937939 1.063979838683926
10.353753753753754 1.065726185378667
10.36956956956957 1.067312069069793
10.385385385385387 1.068747029624555
10.401201201201202 1.0700415711100106
10.417017017017018 1.0712066489356187
10.432832832832833 1.0722531618720084
10.44864864864865 1.0731914751651066
10.464464464464465 1.0740309985652898
10.480280280280281 1.0747798394059431
10.496096096096096 1.0754445461293325
10.511911911911913 1.0760299521615333
10.52772772772773 1.0765391241128337
10.543543543543544 1.0769734122753922
10.55935935935936 1.0773325956545128
10.575175175175175 1.077615108630647
10.590990990990992 1.077818332092611
10.606806806806807 1.0779389287385113
10.622622622622623 1.0779732003702536
10.63843843843844 1.077917444493381
10.654254254254255 1.077768288378206
10.670070070070071 1.0775229808622446
10.685885885885886 1.0771796254250188
10.701701701701703 1.076737342227129
10.717517517517518 1.076196351608514
10.733333333333334 1.075557976684454
10.749149149149149 1.0748245678452135
10.764964964964966 1.0739993568429722
10.780780780780782 1.073086252446933
10.796596596596597 1.0720895931126844
10.812412412412414 1.0710138745475417
10.828228228228229 1.0698634713272832
10.844044044044045 1.0686423717713365
10.85985985985986 1.0673539441279611
10.875675675675677 1.0660007498464437
10.891491491491493 1.0645844164749592
10.907307307307308 1.063105578732728
10.923123123123125 1.061563891819038
10.93893893893894 1.0599581163229097
10.954754754754756 1.0582862694790098
10.97057057057057 1.056545833263645
10.986386386386387 1.05473400619993
11.002202202202204 1.0528479829636763
11.018018018018019 1.050885244117651
11.033833833833835 1.0488438376547375
11.04964964964965 1.0467226345341396
11.065465465465467 1.0445215420123255
11.081281281281282 1.0422416611969993
11.097097097097098 1.0398853787218152
11.112912912912913 1.0374563865347153
11.12872872872873 1.0349596282591138
11.144544544544546 1.0324011751483084
11.160360360360361 1.0297880390281378
11.176176176176178 1.0271279335418222
11.191991991991992 1.0244289982333579
11.207807807807809 1.0216995023338886
11.223623623623624 1.018947546406141
11.23943943943944 1.0161807801754643
11.255255255255257 1.013406153920601
11.271071071071072 1.0106297187698716
11.286886886886888 1.0078564882709733
11.302702702702703 1.0050903698547007
11.31851851851852 1.002334170521006
11.334334334334335 0.9995896764995111
11.350150150150151 0.9968578020529051
11.365965965965968 0.9941387982786511
11.381781781781783 0.9914325089841881
11.3975975975976 0.9887386576941055
11.413413413413414 0.9860571477799271
11.42922922922923 0.9833883567130911
11.445045045045045 0.9807334055942685
11.460860860860862 0.9780943864039158
11.476676676676677 0.9754745317786491
11.492492492492493 0.9728783154104191
11.50830830830831 0.9703114751995445
11.524124124124125 0.967780955832605
11.539939939939941 0.9652947722355127
11.555755755755756 0.962861800089072
11.571571571571573 0.9604915040088531
11.587387387387388 0.9581936178210835
11.603203203203204 0.9559777943827192
11.61901901901902 0.9538532444151546
11.634834834834836 0.9518283847229423
11.650650650650652 0.9499105158923813
11.666466466466467 0.9481055481193243
11.682282282282284 0.9464177912786669
11.698098098098098 0.9448498218610855
11.713913913913915 0.9434024351625353
11.72972972972973 0.9420746863599868
11.745545545545546 0.9408640191141949
11.761361361361363 0.9397664753929735
11.777177177177178 0.938776975590444
11.792992992992994 0.9378896539947166
11.80880880880881 0.9370982314603616
11.824624624624626 0.9363964049577018
11.84044044044044 0.9357782326255595
11.856256256256257 0.9352384931097372
11.872072072072074 0.9347729993197812
11.887887887887889 0.9343788492068509
11.903703703703705 0.9340545996174122
11.91951951951952 0.9338003535166859
11.935335335335337 0.9336177556634094
11.951151151151151 0.9335098968836092
11.966966966966968 0.9334811321503466
11.982782782782785 0.9335368224442038
11.9985985985986 0.9336830145780206
12.014414414414416 0.9339260765836952
12.03023023023023 0.9342723086887791
12.046046046046047 0.9347275512223766
12.061861861861862 0.9352968109132188
12.077677677677679 0.9359839259747882
12.093493493493494 0.9367912881772258
12.10930930930931 0.9377196369109508
12.125125125125127 0.9387679362356642
12.140940940940942 0.9399333413090049
12.156756756756758 0.9412112556617885
12.172572572572573 0.9425954758087112
12.18838838838839 0.9440784149330861
12.204204204204204 0.9456513931254612
12.220020020020021 0.9473049781233325
12.235835835835838 0.9490293578845639
12.251651651651652 0.9508147247694914
12.267467467467469 0.9526516506843359
12.283283283283284 0.9545314332652763
12.2990990990991 0.9564463950072735
12.314914914914915 0.9583901200519307
12.330730730730732 0.9603576169772458
12.346546546546548 0.962345400167207
12.362362362362363 0.9643514869367718
12.37817817817818 0.9663753122855446
12.393993993993995 0.9684175676860767
12.409809809809811 0.9704799744267194
12.425625625625626 0.9725650054971795
12.441441441441443 0.9746755726391134
12.457257257257258 0.9768146968452062
12.473073073073074 0.9789851811959108
12.48888888888889 0.9811893044518345
12.504704704704706 0.9834285523116231
12.520520520520522 0.9857034007986255
12.536336336336337 0.9880131630054979
12.552152152152154 0.9903559065984203
12.567967967967968 0.9927284452875705
12.583783783783785 0.9951264031523743
12.599599599599602 0.9975443465175348
12.615415415415416 0.9999759742478408
12.631231231231233 1.002414354081611
12.647047047047048 1.004852190134223
12.662862862862864 1.0072821051088572
12.67867867867868 1.0096969201329702
12.694494494494496 1.0120899155208982
12.71031031031031 1.0144550571123871
12.726126126126127 1.0167871750655684
12.741941941941944 1.0190820849530347
12.757757757757759 1.0213366445421435
12.773573573573575 1.023548743525698
12.78938938938939 1.0257172274788147
12.805205205205207 1.027841761219078
12.821021021021021 1.0299226403154007
12.836836836836838 1.031960562523054
12.852652652652655 1.0339563732473207
12.86846846846847 1.0359108006276856
12.884284284284286 1.0378241964089072
12.9001001001001 1.0396962983985751
12.915915915915917 1.0415260290308213
12.931731731731732 1.043311342442891
12.947547547547549 1.045049129652517
12.963363363363365 1.046735188066001
12.97917917917918 1.0483642578456849
12.994994994994997 1.0499301238350707
13.010810810810812 1.0514257779998968
13.026626626626628 1.0528436339066751
13.042442442442443 1.054175781820122
13.05825825825826 1.0554142707213603
13.074074074074074 1.056551402054429
13.089889889889891 1.057580019378683
13.105705705705708 1.0584937783683372
13.121521521521522 1.0592873827361993
13.137337337337339 1.0599567735956437
13.153153153153154 1.06049926239758
13.16896896896897 1.0609136007343314
13.184784784784785 1.0611999838079753
13.200600600600602 1.0613599880168885
13.216416416416418 1.0613964467144261
13.232232232232233 1.0613132715365285
13.24804804804805 1.0611152295957997
13.263863863863865 1.0608076891402203
13.279679679679681 1.060396347852573
13.295495495495496 1.059886958741198
13.311311311311313 1.0592850685092259
13.327127127127127 1.05859578240074
13.342942942942944 1.0578235678673047
13.35875875875876 1.0569721070781855
13.374574574574575 1.0560442054496109
13.390390390390392 1.0550417601577602
13.406206206206207 1.0539657892101748
13.422022022022023 1.0528165182721103
13.437837837837838 1.0515935192659505
13.453653653653655 1.0502958919575138
13.469469469469471 1.0489224774640158
13.485285285285286 1.0474720909843083
13.501101101101103 1.045943760144813
13.516916916916918 1.0443369552146626
13.532732732732734 1.0426517980678351
13.548548548548549 1.04088923811296
13.564364364364366 1.0390511853879394
13.580180180180182 1.037140593507647
13.595995995995997 1.0351614880128666
13.611811811811814 1.033118938733368
13.627627627627628 1.0310189778747227
13.643443443443445 1.028868468495429
13.65925925925926 1.0266749306969867
13.675075075075076 1.024446335063032
13.690890890890891 1.0221908745398178
13.706706706706708 1.0199167269674236
13.722522522522524 1.017631820804256
13.73833833833834 1.0153436162304559
13.754154154154156 1.0130589128009866
13.76996996996997 1.0107836932144003
13.785785785785787 1.0085230106678602
13.801601601601602 1.006280924807425
13.817417417417419 1.004060488597015
13.833233233233235 1.0018637856715007
13.84904904904905 0.9996920150613391
13.864864864864867 0.9975456177227866
13.880680680680682 0.9954244372079817
13.896496496496498 0.9933279051696785
13.912312312312313 0.9912552412948586
13.92812812812813 0.9892056567469245
13.943943943943946 0.9871785502813424
13.959759759759761 0.9851736868646099
13.975575575575578 0.983191349820032
13.991391391391392 0.9812324591668529
14.007207207207209 0.9792986508100123
14.023023023023024 0.9773923134579678
14.03883883883884 0.9755165824680456
14.054654654654655 0.9736752921131322
14.070470470470472 0.9718728899059265
14.086286286286288 0.9701143184953908
14.102102102102103 0.9684048721703723
14.11791791791792 0.9667500360964084
14.133733733733735 0.9651553170282969
14.149549549549551 0.9636260743657851
14.165365365365366 0.9621673600633237
14.181181181181183 0.9607837751042334
14.196996996997 0.9594793490653737
14.212812812812814 0.9582574478102027
14.22862862862863 0.957120712649846
14.244444444444445 0.9560710325055566
14.260260260260262 0.9551095487960328
14.276076076076077 0.9542366910599449
14.291891891891893 0.9534522397986627
14.307707707707708 0.9527554117633339
14.323523523523525 0.9521449619726297
14.339339339339341 0.9516192961703825
14.355155155155156 0.9511765872314982
14.370970970970973 0.9508148891932086
14.386786786786788 0.9505322430993305
14.402602602602604 0.9503267696515805
14.418418418418419 0.9501967447030956
14.434234234234236 0.9501406548332073
14.450050050050052 0.9501572315312633
14.465865865865867 0.9502454638116822
14.481681681681684 0.9504045903068405
14.497497497497498 0.9506340729710946
14.513313313313315 0.9509335554221298
14.52912912912913 0.9513028096032765
14.544944944944946 0.9517416748471622
14.560760760760763 0.9522499935489238
14.576576576576578 0.9528275475249033
14.592392392392394 0.9534739987645034
14.60820820820821 0.9541888377162319
14.624024024024026 0.9549713415317774
14.63983983983984 0.9558205438789499
14.655655655655657 0.9567352170832715
14.671471471471472 0.9577138665259353
14.687287287287289 0.9587547364654175
14.703103103103105 0.9598558258062859
14.71891891891892 0.9610149118466206
14.734734734734737 0.9622295797178524
14.750550550550551 0.9634972550976965
14.766366366366368 0.9648152378251054
14.782182182182183 0.9661807342603989
14.797997997998 0.9675908865878469
14.813813813813816 0.9690427977173558
14.82962962962963 0.9705335509661457
14.845445445445447 0.9720602242472236
14.861261261261262 0.9736198990161935
14.877077077077079 0.9752096646920289
14.892892892892894 0.976826619637301
14.90870870870871 0.9784678700337941
14.924524524524527 0.9801305281048653
14.940340340340342 0.9818117111115369
14.956156156156158 0.9835085423909927
14.971971971971973 0.9852181554299174
14.98778778778779 0.9869377015957392
15.003603603603604 0.9886643617179116
15.019419419419421 0.9903953612549663
15.035235235235236 0.9921279883390137
15.051051051051052 0.9938596135945386
15.066866866866869 0.9955877103158849
15.082682682682684 0.9973098733849394
15.0984984984985 0.9990238352362281
15.114314314314315 1.000727477240651
15.130130130130132 1.0024188350808358
15.145945945945947 1.0040960970198396
15.161761761761763 1.0057575944003843
15.17757757757758 1.0074017842254397
15.193393393393395 1.0090272242279417
15.209209209209211 1.0106325413989556
15.225025025025026 1.0122163954695615
15.240840840840843 1.0137774392934726
15.256656656656657 1.0153142784203333
15.272472472472474 1.016825432355792
15.288288288288289 1.0183093000543553
15.304104104104105 1.0197641320753392
15.319919919919922 1.0211880115523906
15.335735735735737 1.022578845695552
15.351551551551553 1.023934368984478
15.367367367367368 1.025252158554097
15.383183183183185 1.0265296615588086
15.398998998999 1.0277642335720047
15.414814814814816 1.0289531863801598
15.430630630630633 1.030093842909848
15.446446446446448 1.0311835965229788
15.462262262262264 1.0322199715649123
15.47807807807808 1.033200681877767
15.493893893893896 1.0341236840124226
15.50970970970971 1.0349872220909042
15.525525525525527 1.035789861677377
15.541341341341344 1.0365305105903715
15.557157157157159 1.037208425299863
15.572972972972975 1.037823202360226
15.58878878878879 1.038374755187061
15.604604604604607 1.0388632773417363
15.620420420420421 1.039289194290781
15.636236236236238 1.039653106308894
15.652052052052053 1.0399557257506198
15.66786786786787 1.0401978122911193
15.683683683683686 1.0403801099057686
15.6994994994995 1.0405032893084474
15.715315315315317 1.0405678992991851
15.731131131131132 1.0405743299963532
15.746946946946949 1.0405227902722893
15.762762762762764 1.0404133009107353
15.77857857857858 1.040245704105293
15.794394394394397 1.040019688972205
15.810210210210212 1.0397348318132997
15.826026026026028 1.0393906489911136
15.841841841841843 1.0389866595199195
15.85765765765766 1.038522453879081
15.873473473473474 1.037997765155152
15.889289289289291 1.0374125384413029
15.905105105105108 1.0367669944788913
15.920920920920922 1.0360616838145096
15.936736736736739 1.0352975282510752
15.952552552552554 1.0344758470650959
15.96836836836837 1.0335983663045167
15.984184184184185 1.0326672104240093
16.0 1.0316848765025362
