0.2 0.050999135731100154
0.21581581581581583 0.04754147488306937
0.23163163163163164 0.04420761760194003
0.24744744744744746 0.04109583336255729
0.26326326326326327 0.03830666030565155
0.2790790790790791 0.0359391041418502
0.29489489489489495 0.03408642095489334
0.31071071071071077 0.03283168059741004
0.3265265265265266 0.03224333808873725
0.3423423423423424 0.03237106013547664
0.3581581581581582 0.033242060915333105
0.373973973973974 0.03485819452194361
0.38978978978978984 0.03719403058495718
0.40560560560560566 0.040196104915854125
0.42142142142142147 0.04378348969267931
0.4372372372372373 0.04784976950995479
0.4530530530530531 0.05226644305742323
0.4688688688688689 0.05688769827452722
0.48468468468468473 0.061556434992173115
0.5005005005005005 0.06611133700980654
0.5163163163163164 0.07039472903186261
0.5321321321321322 0.0742608965607815
0.547947947947948 0.07758450207264189
0.5637637637637638 0.08026870146569809
0.5795795795795797 0.08225255310963786
0.5953953953953954 0.0835173192941191
0.6112112112112114 0.08409128705868296
0.6270270270270271 0.08405278191926657
0.642842842842843 0.08353111256558676
0.6586586586586587 0.08270526493349739
0.6744744744744746 0.08180025704603466
0.6902902902902903 0.08108116782024144
0.7061061061061062 0.08084495923293744
0.721921921921922 0.08141031702549517
0.7377377377377379 0.0831058355410157
0.7535535535535536 0.08625696243391379
0.7693693693693695 0.0911721942868361
0.7851851851851852 0.09812907056598552
0.8010010010010011 0.1073605475441537
0.8168168168168168 0.11904234345016285
0.8326326326326328 0.13328182986166293
0.8484484484484485 0.15010900210445555
0.8642642642642644 0.16946999421573972
0.8800800800800801 0.19122351411447214
0.895895895895896 0.21514046535225362
0.9117117117117117 0.2409068975252452
0.9275275275275277 0.26813029324472104
0.9433433433433434 0.2963490612027956
0.9591591591591593 0.3250449683676605
0.9749749749749752 0.35365811578641093
0.9907907907907909 0.3816039477183538
1.0066066066066068 0.4082916882136326
1.0224224224224225 0.4331435273709895
1.0382382382382385 0.45561383494279595
1.0540540540540542 0.47520766411989046
1.06986986986987 0.49149782433597156
1.0856856856856858 0.5041398485225426
1.1015015015015017 0.5128842557860029
1.1173173173173174 0.5175856120175533
1.1331331331331334 0.5182080143400944
1.148948948948949 0.5148267653873972
1.164764764764765 0.5076261542592817
1.1805805805805807 0.4968934161469545
1.1963963963963966 0.4830090953980394
1.2122122122122123 0.4664341805984099
1.2280280280280282 0.44769450888123696
1.243843843843844 0.42736304459770613
1.2596596596596599 0.4060407200880206
1.2754754754754756 0.38433658009923877
1.2912912912912915 0.3628479942213111
1.3071071071071072 0.34214169275166484
1.3229229229229231 0.32273634126146855
1.3387387387387388 0.305087299807404
1.3545545545545548 0.28957411746685147
1.3703703703703705 0.2764911960372237
1.3861861861861864 0.26604192359396506
1.402002002002002 0.2583364350535714
1.417817817817818 0.25339300920992935
1.4336336336336337 0.25114296624897336
1.4494494494494496 0.2514387926240703
1.4652652652652653 0.2540650970243724
1.4810810810810813 0.2587518968815755
1.496896896896897 0.2651896533810931
1.512712712712713 0.27304541711260155
1.5285285285285286 0.28197941795038395
1.5443443443443445 0.2916614318917745
1.5601601601601602 0.3017862835766769
1.5759759759759762 0.31208789409457527
1.5917917917917919 0.3223513564781435
1.6076076076076078 0.3324226121688535
1.6234234234234235 0.3422154062769621
1.6392392392392394 0.351715312806939
1.6550550550550551 0.3609807381851662
1.670870870870871 0.37014092749676164
1.6866866866866868 0.3793911082036273
1.7025025025025027 0.3889850066670688
1.7183183183183186 0.3992250600868531
1.7341341341341343 0.410450717824961
1.7499499499499502 0.4230252796891324
1.765765765765766 0.437321753668115
1.7815815815815819 0.4537082317523973
1.7973973973973976 0.47253328054789745
1.8132132132132135 0.4941118247936076
1.8290290290290292 0.5187119685879883
1.8448448448448451 0.5465431534876314
1.8606606606606608 0.5777459972966404
1.8764764764764768 0.6123840950473631
1.8922922922922925 0.6504379970662986
1.9081081081081084 0.6918015106312585
1.923923923923924 0.7362804037858358
1.93973973973974 0.7835935242607104
1.9555555555555557 0.8333762846395183
1.9713713713713716 0.8851864079779848
1.9871871871871873 0.9385117767348403
2.0030030030030033 0.9927801824640667
2.018818818818819 1.047370734346774
2.034634634634635 1.1016266512204775
2.050450450450451 1.1548691341098363
2.0662662662662665 1.2064119941808025
2.0820820820820822 1.2555766943968645
2.0978978978978984 1.3017074519402148
2.113713713713714 1.3441860428169472
2.12952952952953 1.3824459503057627
2.1453453453453455 1.4159855054961357
2.1611611611611616 1.4443796816642829
2.1769769769769773 1.4672902252650055
2.192792792792793 1.4844738354439324
2.208608608608609 1.4957881416294143
2.224424424424425 1.5011952751409345
2.2402402402402406 1.5007628857142223
2.2560560560560567 1.494662516842121
2.2718718718718725 1.4831653238414892
2.287687687687688 1.4666351940517166
2.303503503503504 1.4455194075183257
2.31931931931932 1.4203370564187512
2.3351351351351357 1.391665519460349
2.3509509509509514 1.3601253603577508
2.366766766766767 1.3263640839761883
2.3825825825825833 1.2910392365373993
2.398398398398399 1.2548013743651258
2.4142142142142147 1.2182774463365313
2.4300300300300304 1.1820551364220353
2.4458458458458465 1.146668693098653
2.4616616616616622 1.1125867315458657
2.477477477477478 1.0802024328819448
2.4932932932932936 1.0498264837916367
2.50910910910911 1.0216830022601557
2.5249249249249255 0.9959085842355274
2.540740740740741 0.9725544861887235
2.556556556556557 0.9515918346801573
2.572372372372373 0.9329196315603792
2.5881881881881887 0.9163752079058946
2.6040040040040044 0.9017466767013047
2.61981981981982 0.8887868487361175
2.6356356356356363 0.8772280126472077
2.651451451451452 0.8667969420592345
2.6672672672672677 0.8572294827855815
2.6830830830830834 0.8482840921927416
2.6988988988988996 0.8397537508488964
2.7147147147147153 0.8314757417921425
2.730530530530531 0.8233388920964587
2.746346346346347 0.8152879905416597
2.762162162162163 0.8073252286766949
2.7779779779779785 0.7995086541339563
2.7937937937937942 0.7919477678968537
2.8096096096096104 0.7847965343329519
2.825425425425426 0.7782441973243763
2.8412412412412418 0.7725044014122455
2.8570570570570575 0.7678031980305445
2.8728728728728736 0.7643665692988821
2.8886886886886893 0.7624081225365285
2.904504504504505 0.7621175962964001
2.9203203203203207 0.763650773621663
2.936136136136137 0.7671213224158191
2.9519519519519526 0.7725949799209286
2.9677677677677683 0.7800863733998874
2.983583583583584 0.7895586285059211
2.9993993993994 0.8009257676785393
3.015215215215216 0.814057750942722
3.0310310310310316 0.8287878685510288
3.0468468468468473 0.8449220665604724
3.0626626626626634 0.8622496795589012
3.078478478478479 0.8805549651766428
3.094294294294295 0.8996287871911708
3.1101101101101105 0.919279780782296
3.1259259259259267 0.9393443558556537
3.1417417417417424 0.9596949514871181
3.157557557557558 0.9802460437699819
3.1733733733733738 1.0009575262680563
3.18918918918919 1.0218352209829882
3.2050050050050056 1.042928431116343
3.2208208208208213 1.0643246069868386
3.2366366366366375 1.0861413548613794
3.252452452452453 1.108516166796835
3.268268268268269 1.1315943799431272
3.2840840840840846 1.1555159790789984
3.2998998998999007 1.1804019306475793
3.3157157157157164 1.2063407760081692
3.331531531531532 1.2333762136073518
3.347347347347348 1.2614963638247572
3.363163163163164 1.2906253378764043
3.3789789789789797 1.3206176267849445
3.3947947947947954 1.3512556932188124
3.410610610610611 1.382250994609482
3.4264264264264273 1.4132484981645017
3.442242242242243 1.4438345757245428
3.4580580580580587 1.4735479976763461
3.4738738738738744 1.501893588970296
3.4896896896896905 1.5283579747183063
3.505505505505506 1.552426734837771
3.521321321321322 1.5736022123242985
3.5371371371371376 1.5914211818427633
3.5529529529529538 1.605471586383855
3.5687687687687695 1.6154075896996334
3.584584584584585 1.6209622690665417
3.600400400400401 1.6219573827003528
3.616216216216217 1.6183097832594413
3.6320320320320327 1.6100342063354969
3.6478478478478484 1.5972423326489877
3.663663663663664 1.5801381962559482
3.6794794794794803 1.5590101797100768
3.695295295295296 1.5342199924034405
3.7111111111111117 1.5061891625766437
3.7269269269269274 1.4753836802372935
3.7427427427427435 1.4422975024216367
3.7585585585585592 1.4074356705709345
3.774374374374375 1.3712977908444697
3.790190190190191 1.3343625924635933
3.806006006006007 1.2970742090713243
3.8218218218218225 1.259830727734423
3.837637637637638 1.2229754252446736
3.8534534534534544 1.1867909686129656
3.86926926926927 1.1514967037232127
3.8850850850850858 1.1172490010485685
3.9009009009009015 1.084144478122292
3.9167167167167176 1.052225782637307
3.9325325325325333 1.021489504313279
3.948348348348349 0.9918956935221085
3.9641641641641647 0.9633784041480553
3.979979979979981 0.9358566496754802
3.9957957957957966 0.9092451656987822
4.011611611611612 0.8834644078420733
4.027427427427428 0.8584492787130308
4.043243243243244 0.834156166775039
4.059059059059059 0.8105679884667811
4.074874874874875 0.7876970461935265
4.090690690690691 0.7655856420879595
4.106506506506507 0.7443045136667032
4.122322322322323 0.7239492759006352
4.138138138138139 0.7046351585789721
4.1539539539539545 0.6864904129075915
4.16976976976977 0.6696488229593527
4.185585585585586 0.654241793193227
4.2014014014014025 0.6403904915870129
4.217217217217218 0.6281985093257627
4.233033033033034 0.617745454273227
4.24884884884885 0.6090818297874669
4.264664664664665 0.6022254671194984
4.280480480480481 0.5971596838190241
4.296296296296297 0.5938332379865014
4.312112112112113 0.5921620448040255
4.327927927927929 0.5920325233833799
4.343743743743745 0.5933063539842589
4.35955955955956 0.5958263527437649
4.375375375375376 0.599423116907781
4.391191191191192 0.6039220606925917
4.4070070070070075 0.6091504515823429
4.422822822822823 0.6149440690207277
4.43863863863864 0.6211531407408951
4.4544544544544555 0.6276472638826209
4.470270270270271 0.6343190850590212
4.486086086086087 0.6410865913730948
4.501901901901903 0.6478939482566508
4.517717717717718 0.6547109049009346
4.533533533533534 0.6615308690346418
4.54934934934935 0.6683678253040142
4.565165165165166 0.6752523315581153
4.580980980980982 0.6822268718053307
4.596796796796798 0.6893408713398992
4.6126126126126135 0.6966456874856977
4.628428428428429 0.7041898786401213
4.644244244244245 0.7120150259892435
4.660060060060061 0.720152338571739
4.675875875875876 0.7286202163071525
4.691691691691693 0.7374228808394894
4.707507507507509 0.7465501146658311
4.723323323323324 0.7559780792778819
4.73913913913914 0.7656711171130768
4.754954954954956 0.7755843838328611
4.770770770770771 0.785667110111364
4.786586586586587 0.795866258288762
4.802402402402404 0.8061303206138255
4.818218218218219 0.8164130031150552
4.834034034034035 0.8266765521736721
4.849849849849851 0.8368945084624452
4.8656656656656665 0.8470537130535094
4.881481481481482 0.8571554404694745
4.897297297297298 0.867215590008741
4.913113113113114 0.8772639262469633
4.92892892892893 0.8873424185276767
4.944744744744746 0.8975027839509989
4.960560560560562 0.9078033856252806
4.976376376376377 0.9183056750552334
4.992192192192193 0.9290703924640237
5.008008008008009 0.9401537503276239
5.023823823823824 0.9516038230183117
5.03963963963964 0.9634573496392991
5.055455455455457 0.9757371291180361
5.071271271271272 0.9884501483604196
5.087087087087088 1.00158653828356
5.102902902902904 1.0151194017906853
5.1187187187187195 1.029005505409395
5.134534534534535 1.0431867755986513
5.150350350350351 1.0575924946933641
5.166166166166167 1.0721420528058965
5.181981981981983 1.086748082945634
5.197797797797799 1.1013197887265598
5.213613613613615 1.1157662681708234
5.22942942942943 1.1299996433924482
5.245245245245246 1.1439378237218474
5.261061061061062 1.157506757776213
5.2768768768768775 1.1706420661597163
5.292692692692694 1.183289988485135
5.30850850850851 1.1954076235227686
5.3243243243243255 1.2069624866370978
5.340140140140141 1.2179314514349167
5.355955955955957 1.2282991800977667
5.371771771771773 1.23805617695031
5.387587587587588 1.2471966206696836
5.403403403403404 1.2557161410152984
5.419219219219221 1.2636097055647642
5.435035035035036 1.2708697708756689
5.450850850850852 1.2774848316144578
5.466666666666668 1.283438471963969
5.482482482482483 1.2887089880048497
5.498298298298299 1.293269610102851
5.514114114114115 1.2970893131892236
5.5299299299299305 1.3001341628241598
5.545745745745747 1.3023691086125717
5.561561561561563 1.3037601061705957
5.5773773773773785 1.3042764262990763
5.593193193193194 1.3038929966790336
5.60900900900901 1.3025926180488958
5.624824824824826 1.3003679036089026
5.640640640640641 1.2972228068451153
5.656456456456457 1.2931736279952812
5.672272272272274 1.2882494213851399
5.688088088088089 1.2824917628163808
5.703903903903905 1.275953875760561
5.719719719719721 1.2686991548314386
5.735535535535536 1.2607991623998716
5.751351351351352 1.2523312069655375
5.767167167167168 1.2433756379908245
5.782982982982984 1.23401300973692
5.7987987987988 1.2243212751384571
5.814614614614616 1.2143731694079858
5.8304304304304315 1.2042339319781905
5.846246246246247 1.1939594952678285
5.862062062062063 1.183595240846825
5.877877877877879 1.1731753895977013
5.893693693693694 1.1627230545087683
5.909509509509511 1.1522509451077276
5.925325325325327 1.1417626736627944
5.941141141141142 1.1312545774971527
5.956956956956958 1.1207179412383133
5.972772772772774 1.1101414793855433
5.9885885885885894 1.0995139246175736
6.004404404404405 1.0888265616516777
6.020220220220221 1.078075550507131
6.0360360360360374 1.0672638964397672
6.051851851851853 1.0564029457543496
6.067667667667669 1.045513315812158
6.0834834834834846 1.034625202051558
6.0992992992993 1.023778042632591
6.115115115115116 1.0130195601185734
6.130930930930932 1.0024042370850066
6.146746746746747 0.9919913164571971
6.162562562562564 0.9818424457071449
6.17837837837838 0.9720191051173817
6.194194194194195 0.9625799729182644
6.210010010010011 0.9535783835141772
6.225825825825827 0.945060029075714
6.2416416416416425 0.9370610398920005
6.257457457457458 0.9296065559850873
6.273273273273275 0.9227098729951715
6.2890890890890905 0.9163722110455319
6.304904904904906 0.9105831182597112
6.320720720720722 0.9053214830515319
6.336536536536538 0.900557093478718
6.352352352352353 0.8962526499643674
6.368168168168169 0.8923661114259998
6.383983983983985 0.8888532358355412
6.399799799799801 0.8856701655505264
6.415615615615617 0.8827759059897166
6.431431431431433 0.8801345534245685
6.447247247247248 0.8777171433385353
6.463063063063064 0.8755030139863829
6.47887887887888 0.8734806090455458
6.4946946946946955 0.8716476768213124
6.510510510510511 0.8700108593357084
6.526326326326328 0.8685847006641054
6.5421421421421435 0.8673901379582946
6.557957957957959 0.8664525687171368
6.573773773773775 0.8657996122924936
6.589589589589591 0.8654587009560394
6.605405405405406 0.8654546451386629
6.621221221221222 0.8658073182082827
6.637037037037038 0.8665295984007149
6.652852852852854 0.8676256897889782
6.66866866866867 0.869089921461031
6.684484484484486 0.8709060957679126
6.700300300300301 0.8730474243125246
6.716116116116117 0.8754770561941478
6.731931931931933 0.8781491689214378
6.7477477477477485 0.8810105603493655
6.763563563563564 0.8840026518343578
6.779379379379381 0.8870637901389494
6.7951951951951965 0.8901317197142031
6.811011011011012 0.8931460886954498
6.826826826826828 0.8960508516583725
6.842642642642644 0.8987964398173498
6.858458458458459 0.9013415843611524
6.874274274274275 0.9036547000407742
6.890090090090092 0.9057147626142221
6.905905905905907 0.9075116436962319
6.921721721721723 0.9090458981575162
6.937537537537539 0.9103280305946931
6.9533533533533545 0.911377296712388
6.96916916916917 0.9122201210322506
6.984984984984986 0.9128882327221007
7.000800800800802 0.9134166353998088
7.016616616616618 0.9138415337760034
7.032432432432434 0.9141983396481603
7.04824824824825 0.9145198721753756
7.064064064064065 0.9148348531024291
7.079879879879881 0.9151667776045171
7.095695695695697 0.9155332169571143
7.111511511511512 0.9159455818124622
7.127327327327328 0.9164093461529551
7.143143143143145 0.916924703713598
7.15895895895896 0.917487602493453
7.174774774774776 0.9180910804355051
7.190590590590592 0.9187268077368317
7.2064064064064075 0.9193867295397014
7.222222222222223 0.9200646975711246
7.238038038038039 0.9207579808718918
7.253853853853855 0.9214685539134532
7.269669669669671 0.9222040745835214
7.285485485485487 0.9229784838229027
7.301301301301303 0.9238121819212167
7.317117117117118 0.9247317622170483
7.332932932932934 0.9257693096585136
7.34874874874875 0.9269612977857987
7.364564564564565 0.928347141676198
7.380380380380382 0.929967484866767
7.396196196196198 0.931862314084502
7.412012012012013 0.9340690059001436
7.427827827827829 0.9366204136433403
7.443643643643645 0.9395431008971871
7.4594594594594605 0.9428558198159509
7.475275275275276 0.9465683189151295
7.491091091091092 0.9506805467123629
7.5069069069069085 0.9551822957519575
7.522722722722724 0.9600533074139478
7.53853853853854 0.9652638328902152
7.554354354354356 0.9707756212321017
7.570170170170171 0.976543282807896
7.585985985985987 0.9825159570926362
7.601801801801803 0.9886391984828685
7.6176176176176185 0.9948569835634345
7.633433433433435 1.001113738432809
7.649249249249251 1.0073562854800322
7.6650650650650665 1.0135356152407697
7.680880880880882 1.0196084001784622
7.696696696696698 1.0255381827037007
7.712512512512514 1.0312961885028376
7.728328328328329 1.036861737175125
7.744144144144145 1.042222244061928
7.759959959959962 1.0473728287553232
7.775775775775777 1.0523155659096688
7.791591591591593 1.0570584315776215
7.807407407407409 1.0616140124550952
7.823223223223224 1.0659980554720077
7.83903903903904 1.0702279406846282
7.854854854854856 1.0743211612578185
7.870670670670672 1.0782938905882915
7.886486486486488 1.0821597086847377
7.902302302302304 1.0859285483834913
7.9181181181181195 1.089605907618377
7.933933933933935 1.093192357690919
7.949749749749751 1.0966833602865491
7.965565565565567 1.1000693888524438
7.981381381381382 1.1033363338472977
7.997197197197199 1.1064661571485956
8.013013013013014 1.1094377492702567
8.02882882882883 1.1122279345341184
8.044644644644645 1.1148125642797466
8.060460460460462 1.1171676367009888
8.076276276276277 1.119270383864812
8.092092092092093 1.121100271601796
8.107907907907908 1.1226398657912187
8.123723723723725 1.1238755284955488
8.139539539539541 1.1247979187356525
8.155355355355356 1.1254022846996523
8.171171171171173 1.125688546106909
8.186986986986987 1.1256611766120646
8.202802802802804 1.125328905926959
8.218618618618619 1.12470426927438
8.234434434434435 1.1238030375243502
8.25025025025025 1.1226435647156172
8.266066066066067 1.1212460906074677
8.281881881881882 1.1196320345685953
8.297697697697698 1.1178233137560731
8.313513513513515 1.115841713546032
8.32932932932933 1.1137083320070646
8.345145145145146 1.111443113362613
8.360960960960961 1.1090644783844732
8.376776776776778 1.1065890529855784
8.392592592592592 1.1040314903684558
8.408408408408409 1.101404377284076
8.424224224224226 1.0987182115082
8.44004004004004 1.0959814356768471
8.455855855855857 1.09320051214832
8.471671671671672 1.0903800244714663
8.487487487487488 1.0875227931329967
8.503303303303303 1.0846299962440389
8.51911911911912 1.0817012893648597
8.534934934934935 1.0787349223860454
8.550750750750751 1.0757278549148084
8.566566566566568 1.0726758746168712
8.582382382382383 1.0695737251531146
8.5981981981982 1.0664152515179024
8.614014014014014 1.0631935706158786
8.62982982982983 1.0599012737883984
8.645645645645645 1.0565306658016766
8.661461461461462 1.0530740417108813
8.677277277277279 1.049523999271601
8.693093093093093 1.045873780495633
8.70890890890891 1.0421176318908651
8.724724724724725 1.0382511692433838
8.740540540540541 1.034271729833918
8.756356356356356 1.0301786930265195
8.772172172172173 1.0259737494538554
8.787987987987988 1.021661099694209
8.803803803803804 1.017247565435634
8.81961961961962 1.012742599594624
8.835435435435436 1.0081581865398876
8.851251251251252 1.003508629213033
8.867067067067067 0.9988102262059059
8.882882882882884 0.9940808483609829
8.898698698698698 0.989339430787166
8.914514514514515 0.9846054019052276
8.930330330330332 0.9798980758568075
8.946146146146146 0.9752360379818997
8.961961961961963 0.9706365548225409
8.977777777777778 0.9661150400710878
8.993593593593594 0.9616846059858981
9.00940940940941 0.9573557260974763
9.025225225225226 0.9531360296914162
9.041041041041042 0.949030241855082
9.056856856856857 0.9450402751785203
9.072672672672674 0.9411654709424242
9.088488488488489 0.9374029792865346
9.104304304304305 0.9337482599246674
9.12012012012012 0.9301956779354665
9.135935935935937 0.9267391634427141
9.151751751751751 0.9233728999640761
9.167567567567568 0.9200920041145021
9.183383383383385 0.9168931593487684
9.1991991991992 0.9137751685415879
9.215015015015016 0.9107393943318698
9.230830830830831 0.9077900620773695
9.246646646646647 0.9049344076460502
9.262462462462462 0.9021826606909723
9.278278278278279 0.8995478630324205
9.294094094094095 0.8970455307855323
9.30990990990991 0.894693177401431
9.325725725725727 0.8925097223404211
9.341541541541542 0.8905148162305789
9.357357357357358 0.8887281177317188
9.373173173173173 0.8871685596763905
9.38898898898899 0.8858536422695026
9.404804804804806 0.8847987891973466
9.420620620620621 0.884016798553215
9.436436436436438 0.8835174147775885
9.452252252252253 0.8833070406865547
9.468068068068069 0.8833886005552134
9.483883883883884 0.8837615566209392
9.4996996996997 0.8844220727875541
9.515515515515515 0.8853633112527196
9.531331331331332 0.8865758407176002
9.547147147147149 0.8880481291753877
9.562962962962963 0.8897670903298316
9.57877877877878 0.8917186506749775
9.594594594594595 0.893888304261914
9.610410410410411 0.8962616241527435
9.626226226226226 0.8988247033609305
9.642042042042043 0.9015645034357133
9.65785785785786 0.9044690954089885
9.673673673673674 0.9075277851593673
9.68948948948949 0.9107311228909651
9.705305305305306 0.9140708038922292
9.721121121121122 0.9175394745683263
9.736936936936937 0.9211304635108202
9.752752752752754 0.9248374617338092
9.768568568568568 0.9286541789120849
9.784384384384385 0.932574003357582
9.800200200200202 0.9365896925344331
9.816016016016016 0.9406931182260728
9.831831831831833 0.9448750862258076
9.847647647647648 0.9491252449178466
9.863463463463464 0.9534320907193051
9.87927927927928 0.9577830714890085
9.895095095095096 0.9621647821264865
9.910910910910912 0.9665632401323533
9.926726726726727 0.9709642232968914
9.942542542542544 0.9753536472876668
9.958358358358359 0.9797179580007541
9.974174174174175 0.9840445123081552
9.98998998998999 0.988321921352806
10.005805805805807 0.9925403327765115
10.021621621621623 0.9966916320697686
10.037437437437438 1.000769548360499
10.053253253253255 1.004769656081592
10.06906906906907 1.0086892706823016
10.084884884884886 1.0125272434452062
10.1007007007007 1.016283667096875
10.116516516516517 1.0199595098319738
10.132332332332332 1.023556200226076
10.148148148148149 1.0270751889783762
10.163963963963965 1.0305175152752721
10.17977977977978 1.0338834056740758
10.195595595595597 1.0371719317564985
10.211411411411412 1.0403807494875599
10.227227227227228 1.0435059384346677
10.243043043043043 1.0465419530429614
10.25885885885886 1.0494816913895146
10.274674674674676 1.0523166796646568
10.290490490490491 1.0550373634931798
10.306306306306308 1.0576334905496287
10.322122122122122 1.0600945631498402
10.337937937937939 1.0624103349713856
10.353753753753754 1.064571323049184
10.36956956956957 1.066569304897433
10.385385385385387 1.0683977711094894
10.401201201201202 1.0700523060590248
10.417017017017018 1.071530873237181
10.432832832832833 1.0728339870812296
10.44864864864865 1.0739647595654938
10.464464464464465 1.0749288169546938
10.480280280280281 1.0757340895410623
10.496096096096096 1.0763904844605496
10.511911911911913 1.07690945838123
10.52772772772773 1.0773035125853245
10.543543543543544 1.0775856373908757
10.55935935935936 1.0777687357246548
10.575175175175175 1.077865056802678
10.590990990990992 1.0778856702396336
10.606806806806807 1.0778400085401545
10.622622622622623 1.07773550197162
10.63843843843844 1.077577324520824
10.654254254254255 1.0773682633133905
10.670070070070071 1.0771087169008056
10.685885885885886 1.076796820605649
10.701701701701703 1.0764286900813256
10.717517517517518 1.0759987677934864
10.733333333333334 1.075500251632664
10.749149149149149 1.074925580627377
10.764964964964966 1.0742669499724833
10.780780780780782 1.073516826457021
10.796596596596597 1.072668435910153
10.812412412412414 1.0717161964259039
10.828228228228229 1.0706560747264295
10.844044044044045 1.0694858478459046
10.85985985985986 1.0682052580611059
10.875675675675677 1.0668160553099304
10.891491491491493 1.0653219278477137
10.907307307307308 1.063728328211252
10.923123123123125 1.062042207328365
10.93893893893894 1.0602716745029013
10.954754754754756 1.058425604755806
10.97057057057057 1.0565132174198035
10.986386386386387 1.054543650858868
11.002202202202204 1.0525255576923478
11.018018018018019 1.050466743012885
11.033833833833835 1.0483738649442025
11.04964964964965 1.0462522127071265
11.065465465465467 1.0441055724237784
11.081281281281282 1.0419361855029319
11.097097097097098 1.0397447989448299
11.112912912912913 1.0375308016103717
11.12872872872873 1.0352924357248225
11.144544544544546 1.0330270688978092
11.160360360360361 1.0307315089520916
11.176176176176178 1.0284023420098856
11.191991991991992 1.0260362736602293
11.207807807807809 1.0236304536209775
11.223623623623624 1.0211827660377468
11.23943943943944 1.0186920702858857
11.255255255255257 1.0161583806605905
11.271071071071072 1.013582977412629
11.286886886886888 1.0109684459448798
11.302702702702703 1.0083186453514734
11.31851851851852 1.0056386115890243
11.334334334334335 1.002934404175929
11.350150150150151 1.000212908218187
11.365965965965968 0.9974816056072195
11.381781781781783 0.9947483303342508
11.3975975975976 0.9920210229877504
11.413413413413414 0.989307498678828
11.42922922922923 0.9866152409668137
11.445045045045045 0.9839512319770093
11.460860860860862 0.9813218259982853
11.476676676676677 0.9787326706304285
11.492492492492493 0.9761886762428083
11.50830830830831 0.9736940313276027
11.524124124124125 0.9712522584860344
11.539939939939941 0.9688663034488229
11.555755755755756 0.9665386478359286
11.571571571571573 0.9642714353914197
11.587387387387388 0.9620666012205505
11.603203203203204 0.9599259940886387
11.61901901901902 0.9578514830459687
11.634834834834836 0.9558450414067124
11.650650650650652 0.9539088032849664
11.666466466466467 0.952045090305844
11.682282282282284 0.9502564085811717
11.698098098098098 0.9485454183864037
11.713913913913915 0.9469148810306477
11.72972972972973 0.9453675890334777
11.745545545545546 0.9439062868035696
11.761361361361363 0.9425335894898765
11.777177177177178 0.941251907526175
11.792992992992994 0.940063383640554
11.80880880880881 0.9389698478223406
11.824624624624626 0.9379727940374636
11.84044044044044 0.9370733804964396
11.856256256256257 0.9362724531636194
11.872072072072074 0.9355705901168359
11.887887887887889 0.9349681624841772
11.903703703703705 0.9344654061450639
11.91951951951952 0.9340624973062923
11.935335335335337 0.9337596245361949
11.951151151151151 0.9335570499072102
11.966966966966968 0.9334551525610066
11.982782782782785 0.9334544492290312
11.9985985985986 0.9335555879320666
12.014414414414416 0.9337593131268005
12.03023023023023 0.9340664028199791
12.046046046046047 0.9344775804687252
12.061861861861862 0.9349934066603951
12.077677677677679 0.9356141574542154
12.093493493493494 0.9363396977244348
12.10930930930931 0.9371693587531229
12.125125125125127 0.9381018295984771
12.140940940940942 0.9391350713723724
12.156756756756758 0.9402662625053546
12.172572572572573 0.9414917814107141
12.18838838838839 0.94280723077719
12.204204204204204 0.9442075051549943
12.220020020020021 0.9456869007140887
12.235835835835838 0.9472392632273559
12.251651651651652 0.9488581676518985
12.267467467467469 0.9505371203310589
12.283283283283284 0.9522697729822998
12.2990990990991 0.9540501364075618
12.314914914914915 0.9558727813608214
12.330730730730732 0.9577330142850036
12.346546546546548 0.9596270166905918
12.362362362362363 0.9615519387445045
12.37817817817818 0.9635059400751954
12.393993993993995 0.9654881737410285
12.409809809809811 0.967498712581631
12.425625625625626 0.9695384205798507
12.441441441441443 0.9716087751968143
12.457257257257258 0.9737116496968895
12.473073073073074 0.9758490670596484
12.48888888888889 0.9780229390149364
12.504704704704706 0.9802348049047671
12.520520520520522 0.9824855853873925
12.536336336336337 0.9847753654214235
12.552152152152154 0.9871032195221754
12.567967967967968 0.9894670900426081
12.583783783783785 0.9918637263208214
12.599599599599602 0.994288689120517
12.615415415415416 0.9967364210681692
12.631231231231233 0.9992003799792247
12.647047047047048 1.001673228291346
12.662862862862864 1.004147068505002
12.67867867867868 1.006613711770392
12.694494494494496 1.0090649647227055
12.71031031031031 1.0114929184807426
12.726126126126127 1.013890223462705
12.741941941941944 1.0162503343584908
12.757757757757759 1.0185677111949851
12.773573573573575 1.0208379648502672
12.78938938938939 1.0230579384761642
12.805205205205207 1.0252257198972772
12.821021021021021 1.0273405839594967
12.836836836836838 1.0294028677757852
12.852652652652655 1.0314137856310406
12.86846846846847 1.0333751937405602
12.884284284284286 1.035289317909942
12.9001001001001 1.0371584592548264
12.915915915915917 1.0389846943872636
12.931731731731732 1.040769586793188
12.947547547547549 1.0425139254987152
12.963363363363365 1.0442175055930276
12.97917917917918 1.0458789628361738
12.994994994994997 1.0474956715710735
13.010810810810812 1.0490637116580812
13.026626626626628 1.0505779063619887
13.042442442442443 1.0520319292641935
13.05825825825826 1.0534184745671156
13.074074074074074 1.054729481812254
13.089889889889891 1.0559564032321964
13.105705705705708 1.0570904998505326
13.121521521521522 1.0581231511393874
13.137337337337339 1.0590461626009942
13.153153153153154 1.0598520560650673
13.16896896896897 1.0605343287447226
13.184784784784785 1.0610876690800535
13.200600600600602 1.061508119989107
13.216416416416418 1.0617931831775285
13.232232232232233 1.0619418614453533
13.24804804804805 1.0619546392769643
13.263863863863865 1.0618334052144314
13.279679679679681 1.0615813224150432
13.295495495495496 1.0612026562244454
13.311311311311313 1.0607025694338024
13.327127127127127 1.0600868970485695
13.342942942942944 1.0593619128369924
13.35875875875876 1.0585340996522092
13.374574574574575 1.057609934579858
13.390390390390392 1.0565956984392881
13.406206206206207 1.055497317179201
13.422022022022023 1.054320240400047
13.437837837837838 1.053069359762398
13.453653653653655 1.0517489675632166
13.469469469469471 1.0503627534345088
13.485285285285286 1.0489138350792484
13.501101101101103 1.0474048173212211
13.516916916916918 1.045837872591141
13.532732732732734 1.0442148353482812
13.548548548548549 1.0425373028549612
13.564364364364366 1.0408067351538937
13.580180180180182 1.0390245479853286
13.595995995995997 1.0371921936333406
13.611811811811814 1.0353112261981858
13.627627627627628 1.0333833494307783
13.643443443443445 1.0314104469079888
13.65925925925926 1.0293945958504167
13.675075075075076 1.0273380671773806
13.690890890890891 1.025243315367753
13.706706706706708 1.0231129622870134
13.722522522522524 1.0209497793181475
13.73833833833834 1.0187566718965393
13.754154154154156 1.0165366699282932
13.76996996996997 1.0142929266278289
13.785785785785787 1.0120287271285926
13.801601601601602 1.009747506902528
13.817417417417419 1.007452878681717
13.833233233233235 1.005148665323356
13.84904904904905 1.0028389350041582
13.864864864864867 1.0005280343651837
13.880680680680682 0.9982206148241308
13.896496496496498 0.9959216472737826
13.912312312312313 0.9936364208066869
13.92812812812813 0.9913705219297644
13.943943943943946 0.9891297919101435
13.959759759759761 0.9869202613491159
13.975575575575578 0.9847480627160748
13.991391391391392 0.9826193232739777
14.007207207207209 0.9805400424694528
14.023023023023024 0.9785159593217673
14.03883883883884 0.9765524165120213
14.054654654654655 0.9746542286508929
14.070470470470472 0.9728255625178513
14.086286286286288 0.9710698368746329
14.102102102102103 0.9693896487517614
14.11791791791792 0.967786731914609
14.133733733733735 0.9662619515942382
14.149549549549551 0.9648153376079454
14.165365365365366 0.9634461558101898
14.181181181181183 0.9621530155397479
14.196996996997 0.9609340085066029
14.212812812812814 0.9597868725359205
14.22862862862863 0.9587091718913626
14.244444444444445 0.9576984846530536
14.260260260260262 0.9567525869180717
14.276076076076077 0.9558696234826203
14.291891891891893 0.9550482551775977
14.307707707707708 0.9542877741469996
14.323523523523525 0.95358818002681
14.339339339339341 0.9529502121105068
14.355155155155156 0.9523753350551641
14.370970970970973 0.951865678345071
14.386786786786788 0.9514239324287954
14.402602602602604 0.9510532070166856
14.418418418418419 0.9507568593102083
14.434234234234236 0.9505383017887777
14.450050050050052 0.95040080048481
14.465865865865867 0.9503472753467905
14.481681681681684 0.9503801142743173
14.497497497497498 0.9505010117010511
14.513313313313315 0.9507108412363319
14.52912912912913 0.9510095699297662
14.544944944944946 0.9513962193076217
14.560760760760763 0.9518688755875827
14.576576576576578 0.9524247485728787
14.592392392392394 0.9530602758330636
14.60820820820821 0.9537712660725834
14.624024024024026 0.9545530732355185
14.63983983983984 0.9554007910408617
14.655655655655657 0.9563094564033395
14.671471471471472 0.9572742496491174
14.687287287287289 0.9582906796209036
14.703103103103105 0.9593547426755008
14.71891891891892 0.960463046157036
14.734734734734737 0.9616128890876721
14.750550550550551 0.9628022954254604
14.766366366366368 0.9640299981387754
14.782182182182183 0.9652953753624468
14.797997997998 0.9665983428483214
14.813813813813816 0.9679392096218512
14.82962962962963 0.9693185060401881
14.845445445445447 0.9707367951746203
14.861261261261262 0.9721944795029439
14.877077077077079 0.973691615227778
14.892892892892894 0.9752277461116473
14.90870870870871 0.9768017675619458
14.924524524524527 0.9784118298765196
14.940340340340342 0.9800552871825292
14.956156156156158 0.9817286958107424
14.971971971971973 0.9834278628135623
14.98778778778779 0.9851479422424866
15.003603603603604 0.9868835738381287
15.019419419419421 0.9886290561349744
15.035235235235236 0.9903785438068082
15.051051051051052 0.9921262575119992
15.066866866866869 0.9938666936385409
15.082682682682684 0.9955948212522124
15.0984984984985 0.9973062542263906
15.114314314314315 0.9989973879410433
15.130130130130132 1.0006654919986895
15.145945945945947 1.0023087529942727
15.161761761761763 1.0039262643393274
15.17757757757758 1.0055179633007525
15.193393393393395 1.0070845185810204
15.209209209209211 1.0086271747489508
15.225025025025026 1.010147562448346
15.240840840840843 1.0116474854075648
15.256656656656657 1.013128696719477
15.272472472472474 1.0145926775702394
15.288288288288289 1.0160404315231009
15.304104104104105 1.0174723066132247
15.319919919919922 1.018887855930987
15.335735735735737 1.0202857451579068
15.351551551551553 1.021663712802608
15.367367367367368 1.0230185858253922
15.383183183183185 1.0243463501207384
15.398998998999 1.0256422721382104
15.414814814814816 1.0269010649525485
15.430630630630633 1.0281170895183027
15.446446446446448 1.029284579814438
15.462262262262264 1.0303978792181228
15.47807807807808 1.0314516748227291
15.493893893893896 1.032441216566849
15.50970970970971 1.0333625089564409
15.525525525525527 1.0342124647835127
15.541341341341344 1.0349890124727397
15.557157157157159 1.0356911513874978
15.572972972972975 1.036318952437213
15.58878878878879 1.0368735044696102
15.604604604604607 1.0373568100188921
15.620420420420421 1.03777163683324
15.636236236236238 1.0381213340569417
15.652052052052053 1.0384096238537248
15.66786786786787 1.0386403805217306
15.683683683683686 1.0388174096996718
15.6994994994995 1.0389442400738862
15.715315315315317 1.0390239390871217
15.731131131131132 1.0390589625844728
15.746946946946949 1.0390510462105926
15.762762762762764 1.0390011438277658
15.77857857857858 1.038909415412739
15.794394394394397 1.0387752639813321
15.810210210210212 1.0385974182573134
15.826026026026028 1.0383740552123104
15.841841841841843 1.0381029544062608
15.85765765765766 1.037781674377013
15.873473473473474 1.0374077402542998
15.889289289289291 1.0369788313606676
15.905105105105108 1.0364929578228488
15.920920920920922 1.0359486161235063
15.936736736736739 1.0353449150089298
15.952552552552554 1.0346816651329358
15.96836836836837 1.0339594281335431
15.984184184184185 1.033179523360582
16.0 1.032343993042994
