0.2 0.06515184572486188
0.21581581581581583 0.07024960480999842
0.23163163163163164 0.07342398744340517
0.24744744744744746 0.07468225020324393
0.26326326326326327 0.0741308468392683
0.2790790790790791 0.07196681442158415
0.29489489489489495 0.0684643801791206
0.31071071071071077 0.063957592444286
0.3265265265265266 0.0588199957588158
0.3423423423423424 0.053442528908001496
0.3581581581581582 0.04821091673650091
0.373973973973974 0.04348384710337827
0.38978978978978984 0.03957317231260371
0.40560560560560566 0.03672725291697554
0.42142142142142147 0.035118377915205556
0.4372372372372373 0.034834959487513695
0.4530530530530531 0.03587892586158514
0.4688688688688689 0.03816843810602677
0.48468468468468473 0.041545752303500105
0.5005005005005005 0.04578975466964064
0.5163163163163164 0.05063243013548535
0.5321321321321322 0.05577829953942093
0.547947947947948 0.060925689359131896
0.5637637637637638 0.06578859029059536
0.5795795795795797 0.070117822830709
0.5953953953953954 0.0737202613575163
0.6112112112112114 0.07647497108193502
0.6270270270270271 0.07834527888834864
0.642842842842843 0.07938602021421537
0.6586586586586587 0.07974546750215417
0.6744744744744746 0.07966173687985256
0.6902902902902903 0.07945377261140985
0.7061061061061062 0.07950730697374708
0.721921921921922 0.08025647033954597
0.7377377377377379 0.08216196741762172
0.7535535535535536 0.08568692787630172
0.7693693693693695 0.09127167275138948
0.7851851851851852 0.09930870518182688
0.8010010010010011 0.1101192318064409
0.8168168168168168 0.12393245004416675
0.8326326326326328 0.14086870062424994
0.8484484484484485 0.16092739173108406
0.8642642642642644 0.18398036157243314
0.8800800800800801 0.20977107304600706
0.895895895895896 0.2379197420966609
0.9117117117117117 0.267934205793658
0.9275275275275277 0.29922605257592394
0.9433433433433434 0.33113128013185833
0.9591591591591593 0.36293452899952183
0.9749749749749752 0.39389577289915023
0.9907907907907909 0.42327823791679586
1.0066066066066068 0.4503762766119691
1.0224224224224225 0.4745419411907926
1.0382382382382385 0.49520907993487473
1.0540540540540542 0.5119139177520287
1.06986986986987 0.5243112668039196
1.0856856856856858 0.5321857360969169
1.1015015015015017 0.5354575573931304
1.1173173173173174 0.5341829054781457
1.1331331331331334 0.5285488500965445
1.148948948948949 0.518863321580632
1.164764764764765 0.5055406903526927
1.1805805805805807 0.48908374184897696
1.1963963963963966 0.47006296503899714
1.2122122122122123 0.4490941592740635
1.2280280280280282 0.42681539820840153
1.243843843843844 0.4038643713856148
1.2596596596596599 0.3808570569181765
1.2754754754754756 0.35836856813623585
1.2912912912912915 0.3369168708521635
1.3071071071071072 0.31694989526052
1.3229229229229231 0.2988363777469375
1.3387387387387388 0.2828605736738131
1.3545545545545548 0.26922079297537627
1.3703703703703705 0.2580315357527545
1.3861861861861864 0.24932885331978039
1.402002002002002 0.24307843789555794
1.417817817817818 0.23918585593336417
1.4336336336336337 0.23750828829726212
1.4494494494494496 0.23786712531685272
1.4652652652652653 0.24006078423044197
1.4810810810810813 0.24387716685254834
1.496896896896897 0.24910525111045634
1.512712712712713 0.2555454048867948
1.5285285285285286 0.26301811720663726
1.5443443443443445 0.27137095285339263
1.5601601601601602 0.28048364490619515
1.5759759759759762 0.29027133909958514
1.5917917917917919 0.30068608903950744
1.6076076076076078 0.311716768265377
1.6234234234234235 0.3233876115766936
1.6392392392392394 0.3357556232191439
1.6550550550550551 0.34890709430744715
1.670870870870871 0.36295345854577565
1.6866866866866868 0.3780266873846462
1.7025025025025027 0.3942743876032593
1.7183183183183186 0.4118547208245925
1.7341341341341343 0.4309312206811622
1.7499499499499502 0.451667544014156
1.765765765765766 0.47422216174557563
1.7815815815815819 0.49874297611649765
1.7973973973973976 0.5253618458684368
1.8132132132132135 0.5541890103739464
1.8290290290290292 0.5853074270419283
1.8448448448448451 0.6187670715575144
1.8606606606606608 0.6545792945170483
1.8764764764764768 0.692711376696495
1.8922922922922925 0.7330814738203281
1.9081081081081084 0.7755541852678827
1.923923923923924 0.8199370147508643
1.93973973973974 0.8659780101792709
1.9555555555555557 0.9133648710906734
1.9713713713713716 0.9617257926671814
1.9871871871871873 1.0106322743840834
2.0030030030030033 1.0596040591074236
2.018818818818819 1.1081162869160217
2.034634634634635 1.1556088504868922
2.050450450450451 1.2014978302982902
2.0662662662662665 1.2451887739905108
2.0820820820820822 1.2860914715376446
2.0978978978978984 1.3236357733267576
2.113713713713714 1.357287908635968
2.12952952952953 1.3865666936552459
2.1453453453453455 1.4110589764762829
2.1611611611611616 1.4304336554603694
2.1769769769769773 1.4444536295415173
2.192792792792793 1.4529850949867664
2.208608608608609 1.4560036916458317
2.224424424424425 1.4535971195928747
2.2402402402402406 1.445963989316906
2.2560560560560567 1.4334088287173088
2.2718718718718725 1.4163333403414131
2.287687687687688 1.3952241739780296
2.303503503503504 1.3706376439605996
2.31931931931932 1.3431819685510016
2.3351351351351357 1.3134977324336945
2.3509509509509514 1.282237365634577
2.366766766766767 1.250044487612032
2.3825825825825833 1.2175339802446004
2.398398398398399 1.185273626463436
2.4142142142142147 1.153768083075977
2.4300300300300304 1.1234458498466877
2.4458458458458465 1.0946497571741565
2.4616616616616622 1.0676313285998682
2.477477477477478 1.0425491902495907
2.4932932932932936 1.0194715065259172
2.50910910910911 0.9983822298527381
2.5249249249249255 0.9791907719238904
2.540740740740741 0.9617445440837264
2.556556556556557 0.9458436834580666
2.572372372372373 0.9312571860301257
2.5881881881881887 0.917739612892564
2.6040040040040044 0.9050475241133051
2.61981981981982 0.8929548264229827
2.6356356356356363 0.8812662943216667
2.651451451451452 0.8698286350377776
2.6672672672672677 0.8585386098800888
2.6830830830830834 0.8473478900754967
2.6988988988988996 0.8362645051291671
2.7147147147147153 0.8253509263060285
2.730530530530531 0.814719007056713
2.746346346346347 0.8045221665048002
2.762162162162163 0.7949453427729555
2.7779779779779785 0.7861933526132268
2.7937937937937942 0.7784783669389218
2.8096096096096104 0.7720072449020903
2.825425425425426 0.7669694608232681
2.8412412412412418 0.7635263095453655
2.8570570570570575 0.7618019898492351
2.8728728728728736 0.7618770476469424
2.8886886886886893 0.7637845176800376
2.904504504504505 0.7675089426219244
2.9203203203203207 0.7729882808822073
2.936136136136137 0.780118548430435
2.9519519519519526 0.788760884793159
2.9677677677677683 0.798750597522004
2.983583583583584 0.8099076302019883
2.9993993993994 0.8220478222260963
3.015215215215216 0.8349942879966368
3.0310310310310316 0.8485882407599576
3.0468468468468473 0.8626986216367964
3.0626626626626634 0.8772299651823062
3.078478478478479 0.892128034672054
3.094294294294295 0.9073828872717485
3.1101101101101105 0.9230291740073859
3.1259259259259267 0.9391436338210164
3.1417417417417424 0.9558398963685235
3.157557557557558 0.9732608560482682
3.1733733733733738 0.9915690120402261
3.18918918918919 1.0109352788559223
3.2050050050050056 1.0315268533703872
3.2208208208208213 1.0534947734907143
3.2366366366366375 1.076961818311561
3.252452452452453 1.1020113795439024
3.268268268268269 1.1286778808154494
3.2840840840840846 1.1569392385473223
3.2998998998999007 1.1867117504884601
3.3157157157157164 1.2178476718653137
3.331531531531532 1.2501356015896081
3.347347347347348 1.2833036596399852
3.363163163163164 1.3170252992116167
3.3789789789789797 1.3509274707439805
3.3947947947947954 1.384600745947006
3.410610610610611 1.4176109237890064
3.4264264264264273 1.4495115810404116
3.442242242242243 1.4798569997692643
3.4580580580580587 1.5082149038807213
3.4738738738738744 1.5341784654496076
3.4896896896896905 1.557377096720684
3.505505505505506 1.5774856213796402
3.521321321321322 1.5942315140461498
3.5371371371371376 1.6074000041223697
3.5529529529529538 1.6168369529073219
3.5687687687687695 1.6224495249346655
3.584584584584585 1.624204779758202
3.600400400400401 1.622126403454784
3.616216216216217 1.6162898753951125
3.6320320320320327 1.6068164219329362
3.6478478478478484 1.5938661424493314
3.663663663663664 1.5776307038879116
3.6794794794794803 1.558325988111053
3.695295295295296 1.5361850439502827
3.7111111111111117 1.5114516456855172
3.7269269269269274 1.4843746957377144
3.7427427427427435 1.4552036361055862
3.7585585585585592 1.424184955374436
3.774374374374375 1.3915598008743117
3.790190190190191 1.3575626334168798
3.806006006006007 1.3224207991284538
3.8218218218218225 1.2863548426054425
3.837637637637638 1.2495793504088657
3.8534534534534544 1.2123040952084896
3.86926926926927 1.1747352490204641
3.8850850850850858 1.1370764482249152
3.9009009009009015 1.0995295216907235
3.9167167167167176 1.0622947338236695
3.9325325325325333 1.0255704434920867
3.948348348348349 0.9895521339455445
3.9641641641641647 0.9544308242179704
3.979979979979981 0.9203909253504592
3.9957957957957966 0.8876076516317476
4.011611611611612 0.8562441349925037
4.027427427427428 0.8264484174364477
4.043243243243244 0.7983505104791683
4.059059059059059 0.7720597113949426
4.074874874874875 0.7476623539233509
4.090690690690691 0.7252201470773831
4.106506506506507 0.7047692216793089
4.122322322322323 0.6863199626856411
4.138138138138139 0.6698576591287662
4.1539539539539545 0.6553439557088261
4.16976976976977 0.6427190438450852
4.185585585585586 0.6319044882903818
4.2014014014014025 0.6228065508077193
4.217217217217218 0.6153198469631205
4.233033033033034 0.6093311572183538
4.24884884884885 0.6047232099067832
4.264664664664665 0.6013782612947868
4.280480480480481 0.5991813159946737
4.296296296296297 0.598022858070775
4.312112112112113 0.5978009972885066
4.327927927927929 0.5984229737109474
4.343743743743745 0.5998060046222806
4.35955955955956 0.6018774978621431
4.375375375375376 0.6045746925131708
4.391191191191192 0.6078438191995623
4.4070070070070075 0.6116388961555717
4.422822822822823 0.6159202923760743
4.43863863863864 0.6206531948476331
4.4544544544544555 0.6258061130074352
4.470270270270271 0.6313495407581955
4.486086086086087 0.6372548757371788
4.501901901901903 0.6434936687537798
4.517717717717718 0.6500372454082274
4.533533533533534 0.6568567091546583
4.54934934934935 0.6639233028237767
4.565165165165166 0.6712090761406886
4.580980980980982 0.6786877820957182
4.596796796796798 0.6863359068157235
4.6126126126126135 0.694133727030493
4.628428428428429 0.7020662869728395
4.644244244244245 0.7101241926441584
4.660060060060061 0.7183041352874127
4.675875875875876 0.7266090765621804
4.691691691691693 0.7350480537730025
4.707507507507509 0.7436355926687259
4.723323323323324 0.7523907456894099
4.73913913913914 0.7613358028936668
4.754954954954956 0.7704947490314349
4.770770770770771 0.7798915614314562
4.786586586586587 0.7895484579936886
4.802402402402404 0.7994842115130141
4.818218218218219 0.809712645240138
4.834034034034035 0.8202414150061593
4.849849849849851 0.8310711659678849
4.8656656656656665 0.8421951281753923
4.881481481481482 0.8535991862879203
4.897297297297298 0.8652624267947012
4.913113113113114 0.8771581331913626
4.92892892892893 0.8892551679661728
4.944744744744746 0.9015196521483619
4.960560560560562 0.9139168305398863
4.976376376376377 0.9264129952275337
4.992192192192193 0.9389773327360956
5.008008008008009 0.9515835618808357
5.023823823823824 0.9642112400696253
5.03963963963964 0.9768466349576889
5.055455455455457 0.9894830848701706
5.071271271271272 1.0021208036776417
5.087087087087088 1.0147661218325612
5.102902902902904 1.0274301927685867
5.1187187187187195 1.0401272304149158
5.134534534534535 1.0528723767913155
5.150350350350351 1.0656793263091067
5.166166166166167 1.0785578536125302
5.181981981981983 1.0915114031030915
5.197797797797799 1.1045348997904767
5.213613613613615 1.1176129325102262
5.22942942942943 1.1307184421788832
5.245245245245246 1.1438120205826554
5.261061061061062 1.1568418907461493
5.2768768768768775 1.1697446002147864
5.292692692692694 1.1824464159800196
5.30850850850851 1.194865366869395
5.3243243243243255 1.2069138386611031
5.340140140140141 1.218501591506561
5.355955955955957 1.229539040732237
5.371771771771773 1.2399406226124645
5.387587587587588 1.249628057599509
5.403403403403404 1.258533325490196
5.419219219219221 1.2666011801567711
5.435035035035036 1.2737910551517981
5.450850850850852 1.280078244443782
5.466666666666668 1.285454282905916
5.482482482482483 1.2899264966488615
5.498298298298299 1.2935167412091906
5.514114114114115 1.2962593931505286
5.5299299299299305 1.2981987049689643
5.545745745745747 1.299385671645172
5.561561561561563 1.2998745874049742
5.5773773773773785 1.2997194913580459
5.593193193193194 1.2989707093857072
5.60900900900901 1.297671696313782
5.624824824824826 1.2958563671137324
5.640640640640641 1.293547079410945
5.656456456456457 1.2907533933945854
5.672272272272274 1.287471691353157
5.688088088088089 1.2836856900033182
5.703903903903905 1.2793678273558513
5.719719719719721 1.274481455045592
5.735535535535536 1.2689837197950276
5.751351351351352 1.2628289767432936
5.767167167167168 1.2559725451554447
5.782982982982984 1.248374595434056
5.7987987987988 1.2400039466775774
5.814614614614616 1.2308415568700717
5.8304304304304315 1.2208835030232552
5.846246246246247 1.2101432753842858
5.862062062062063 1.1986532466626545
5.877877877877879 1.1864652220269623
5.893693693693694 1.1736500258285951
5.909509509509511 1.1602961337657984
5.925325325325327 1.1465074115066576
5.941141141141142 1.1324000696729604
5.956956956956958 1.1180989877828897
5.972772772772774 1.103733593856849
5.9885885885885894 1.0894335100074861
6.004404404404405 1.0753241861720557
6.020220220220221 1.0615227435946055
6.0360360360360374 1.048134236832595
6.051851851851853 1.0352485187565093
6.067667667667669 1.0229378586928886
6.0834834834834846 1.0112554215554201
6.0992992992993 1.0002346679813767
6.115115115115116 0.9898896849035033
6.130930930930932 0.9802164055351713
6.146746746746747 0.9711946302880031
6.162562562562564 0.9627907183336532
6.17837837837838 0.9549607856686504
6.194194194194195 0.9476542214628748
6.210010010010011 0.9408173214034696
6.225825825825827 0.9343968352715989
6.2416416416416425 0.928343236017474
6.257457457457458 0.9226135383736014
6.273273273273275 0.9171735251995782
6.2890890890890905 0.9119992773917107
6.304904904904906 0.9070779460174279
6.320720720720722 0.9024077507803008
6.336536536536538 0.8979972343046517
6.352352352352353 0.893863844412075
6.368168168168169 0.8900319541070039
6.383983983983985 0.8865304592951326
6.399799799799801 0.8833901156850333
6.415615615615617 0.8806407877754765
6.431431431431433 0.8783087838189046
6.447247247247248 0.8764144413097801
6.463063063063064 0.8749701086170445
6.47887887887888 0.8739786411591024
6.4946946946946955 0.8734324967735128
6.510510510510511 0.8733134767857528
6.526326326326328 0.8735931190824003
6.5421421421421435 0.8742337096778361
6.557957957957959 0.8751898422018113
6.573773773773775 0.876410422597255
6.589589589589591 0.8778409909443652
6.605405405405406 0.8794262151259956
6.621221221221222 0.8811124029178046
6.637037037037038 0.8828498803653928
6.652852852852854 0.884595094772306
6.66866866866867 0.8863123194938174
6.684484484484486 0.8879748637466784
6.700300300300301 0.8895657221308177
6.716116116116117 0.8910776335392209
6.731931931931933 0.8925125554513196
6.7477477477477485 0.8938805950596584
6.763563563563564 0.8951984711506737
6.779379379379381 0.8964876082396452
6.7951951951951965 0.8977719855602504
6.811011011011012 0.8990758769551923
6.826826826826828 0.9004216228063653
6.842642642642644 0.9018275716917123
6.858458458458459 0.903306317786018
6.874274274274275 0.9048633409458903
6.890090090090092 0.9064961311772637
6.905905905905907 0.9081938493688468
6.921721721721723 0.9099375436279883
6.937537537537539 0.9117009072524436
6.9533533533533545 0.913451532303177
6.96916916916917 0.9151525837957808
6.984984984984986 0.9167647953718087
7.000800800800802 0.9182486693048333
7.016616616616618 0.9195667528098472
7.032432432432434 0.9206858593896975
7.04824824824825 0.9215791084357956
7.064064064064065 0.9222276681097294
7.079879879879881 0.922622104846721
7.095695695695697 0.922763266448531
7.111511511511512 0.9226626531861868
7.127327327327328 0.9223422609261547
7.143143143143145 0.921833910246722
7.15895895895896 0.921178104057284
7.174774774774776 0.9204224817237088
7.190590590590592 0.9196199587051065
7.2064064064064075 0.9188266560851209
7.222222222222223 0.9180997333573853
7.238038038038039 0.9174952400213775
7.253853853853855 0.9170660969958271
7.269669669669671 0.9168603079983599
7.285485485485487 0.9169194846758533
7.301301301301303 0.9172777485145469
7.317117117117118 0.9179610487638846
7.332932932932934 0.9189869102748977
7.34874874874875 0.9203645998402965
7.364564564564565 0.9220956758471235
7.380380380380382 0.9241748652009171
7.396196196196198 0.9265911947276988
7.412012012012013 0.9293292925028627
7.427827827827829 0.9323707683633309
7.443643643643645 0.9356955824461308
7.4594594594594605 0.9392833158186618
7.475275275275276 0.9431142676372223
7.491091091091092 0.9471703180005058
7.5069069069069085 0.9514355137147518
7.522722722722724 0.9558963543391406
7.53853853853854 0.9605417768162143
7.554354354354356 0.965362857378763
7.570170170170171 0.9703522679947102
7.585985985985987 0.9755035402415168
7.601801801801803 0.980810201278049
7.6176176176176185 0.9862648538531109
7.633433433433435 0.9918582747010201
7.649249249249251 0.9975786031827837
7.6650650650650665 1.0034106849017554
7.680880880880882 1.0093356238048798
7.696696696696698 1.0153305817690517
7.712512512512514 1.0213688478505163
7.728328328328329 1.0274201813518504
7.744144144144145 1.033451414796624
7.759959959959962 1.039427285936281
7.775775775775777 1.0453114530954863
7.791591591591593 1.051067636384629
7.807407407407409 1.0566608192573914
7.823223223223224 1.062058441007589
7.83903903903904 1.0672315112549031
7.854854854854856 1.0721555821627164
7.870670670670672 1.076811522700738
7.886486486486488 1.0811860511153122
7.902302302302304 1.0852719961150055
7.9181181181181195 1.0890682731940868
7.933933933933935 1.0925795790003459
7.949749749749751 1.0958158226912706
7.965565565565567 1.0987913278490706
7.981381381381382 1.1015238508842768
7.997197197197199 1.104033471253306
8.013013013013014 1.1063414147501955
8.02882882882883 1.1084688733347952
8.044644644644645 1.110435883393833
8.060460460460462 1.1122603191952454
8.076276276276277 1.1139570500022757
8.092092092092093 1.1155372984577887
8.107907907907908 1.117008225167551
8.123723723723725 1.118372750731613
8.139539539539541 1.1196296126594212
8.155355355355356 1.1207736415020593
8.171171171171173 1.1217962289173684
8.186986986986987 1.1226859509053708
8.202802802802804 1.123429302610487
8.218618618618619 1.1240114971979431
8.234434434434435 1.1244172804909596
8.25025025025025 1.1246317152197685
8.266066066066067 1.124640893612636
8.281881881881882 1.1244325442178928
8.297697697697698 1.1239965077189475
8.313513513513515 1.12332506643624
8.32932932932933 1.1224131225023823
8.345145145145146 1.1212582296545084
8.360960960960961 1.1198604925662872
8.376776776776778 1.1182223550876276
8.392592592592592 1.1163483042450126
8.408408408408409 1.1142445201023592
8.424224224224226 1.1119185024788976
8.44004004004004 1.1093787041217764
8.455855855855857 1.1066341964507262
8.471671671671672 1.1036943887832884
8.487487487487488 1.1005688154759168
8.503303303303303 1.0972669982182903
8.51911911911912 1.0937983833704392
8.534934934934935 1.0901723473038971
8.550750750750751 1.0863982567214536
8.566566566566568 1.082485566324797
8.582382382382383 1.0784439333018074
8.5981981981982 1.0742833271071754
8.614014014014014 1.070014113956315
8.62982982982983 1.0656470982399049
8.645645645645645 1.0611935074524794
8.661461461461462 1.0566649128504184
8.677277277277279 1.0520730844565813
8.693093093093093 1.0474297856951718
8.70890890890891 1.0427465193340553
8.724724724724725 1.0380342420129347
8.740540540540541 1.0333030689802487
8.756356356356356 1.0285619933747092
8.772172172172173 1.023818645211617
8.787987987987988 1.0190791140493196
8.803803803803804 1.0143478561442112
8.81961961961962 1.0096277019276627
8.835435435435436 1.004919973165746
8.851251251251252 1.0002247116199399
8.867067067067067 0.9955410129295951
8.882882882882884 0.9908674513537091
8.898698698698698 0.9862025735239752
8.914514514514515 0.9815454330305962
8.930330330330332 0.9768961329795807
8.946146146146146 0.9722563410172007
8.961961961961963 0.967629740976915
8.977777777777778 0.9630223873791145
8.993593593593594 0.9584429334564337
9.00940940940941 0.9539027099779276
9.025225225225226 0.9494156405440658
9.041041041041042 0.9449979887313925
9.056856856856857 0.9406679428903332
9.072672672672674 0.936445054887987
9.088488488488489 0.9323495589634935
9.104304304304305 0.9284016054718403
9.12012012012012 0.9246204510424032
9.135935935935937 0.9210236510844013
9.151751751751751 0.917626302283627
9.167567567567568 0.9144403815662488
9.183383383383385 0.9114742239468515
9.1991991991992 0.9087321749010919
9.215015015015016 0.9062144437545125
9.230830830830831 0.9039171735594234
9.246646646646647 0.901832730669346
9.262462462462462 0.8999502044328427
9.278278278278279 0.8982560948794537
9.294094094094095 0.8967351547235459
9.30990990990991 0.8953713421830845
9.325725725725727 0.8941488336233603
9.341541541541542 0.8930530403821269
9.357357357357358 0.892071572640153
9.373173173173173 0.8911950950116525
9.38898898898899 0.8904180235872429
9.404804804804806 0.8897390222172357
9.420620620620621 0.8891612664417219
9.436436436436438 0.888692456064651
9.452252252252253 0.88834457121657
9.468068068068069 0.8881333810579279
9.483883883883884 0.888077728210572
9.4996996996997 0.8881986247534097
9.515515515515515 0.8885182064279055
9.531331331331332 0.8890585999288072
9.547147147147149 0.8898407633129524
9.562962962962963 0.8908833613309165
9.57877877877878 0.8922017357579479
9.594594594594595 0.8938070256632488
9.610410410410411 0.895705484302487
9.626226226226226 0.8978980284235504
9.642042042042043 0.9003800428718891
9.65785785785786 0.9031414492192473
9.673673673673674 0.906167032541573
9.68948948948949 0.9094370062859298
9.705305305305306 0.9129277822135915
9.721121121121122 0.9166129014331721
9.736936936936937 0.9204640741699734
9.752752752752754 0.9244522706256079
9.768568568568568 0.9285488033510011
9.784384384384385 0.9327263430714942
9.800200200200202 0.9369598147455283
9.816016016016016 0.9412271284926823
9.831831831831833 0.9455097104003028
9.847647647647648 0.949792810472533
9.863463463463464 0.954065578376316
9.87927927927928 0.9583209113596708
9.895095095095096 0.9625550919497377
9.910910910910912 0.9667672450000899
9.926726726726727 0.9709586536509175
9.942542542542544 0.9751319812193419
9.958358358358359 0.9792904505367518
9.974174174174175 0.9834370335645878
9.98998998998999 0.9875737022134158
10.005805805805807 0.9917007863220354
10.021621621621623 0.9958164770673426
10.037437437437438 0.9999165041770999
10.053253253253255 1.0039940038412158
10.06906906906907 1.0080395818867676
10.084884884884886 1.0120415643663971
10.1007007007007 1.0159864159743388
10.116516516516517 1.0198592963650206
10.132332332332332 1.023644716128165
10.148148148148149 1.0273272483633833
10.163963963963965 1.0308922488281853
10.17977977977978 1.0343265376592619
10.195595595595597 1.0376189986540898
10.211411411411412 1.0407610578316568
10.227227227227228 1.0437470110824907
10.243043043043043 1.0465741806411781
10.25885885885886 1.049242891231992
10.274674674674676 1.0517562683437942
10.290490490490491 1.0541198724530063
10.306306306306308 1.0563411934227003
10.322122122122122 1.0584290381158021
10.337937937937939 1.0603928509291118
10.353753753753754 1.0622420110772595
10.36956956956957 1.0639851517879202
10.385385385385387 1.065629545042719
10.401201201201202 1.067180591221811
10.417017017017018 1.068641446264025
10.432832832832833 1.0700128101706805
10.44864864864865 1.0712928904163128
10.464464464464465 1.0724775427292461
10.480280280280281 1.0735605804640953
10.496096096096096 1.0745342331071495
10.511911911911913 1.0753897249970619
10.52772772772773 1.0761179376917673
10.543543543543544 1.0767101140385584
10.55935935935936 1.077158559235766
10.575175175175175 1.0774572941776697
10.590990990990992 1.0776026191437817
10.606806806806807 1.0775935512540866
10.622622622622623 1.0774321067291457
10.63843843843844 1.0771234083968069
10.654254254254255 1.076675609496601
10.670070070070071 1.0760996359979451
10.685885885885886 1.0754087606867653
10.701701701701703 1.074618032515175
10.717517517517518 1.0737435935298296
10.733333333333334 1.0728019225648908
10.749149149149149 1.0718090493943968
10.764964964964966 1.0707797849206344
10.780780780780782 1.0697270121247342
10.796596596596597 1.0686610789839674
10.812412412412414 1.0675893285890947
10.828228228228229 1.0665157936432899
10.844044044044045 1.0654410728836816
10.85985985985986 1.0643623963221935
10.875675675675677 1.063273875195546
10.891491491491493 1.062166921803963
10.907307307307308 1.0610308146406915
10.923123123123125 1.0598533759456756
10.93893893893894 1.0586217225373789
10.954754754754756 1.0573230468444534
10.97057057057057 1.0559453836878174
10.986386386386387 1.05447831961255
11.002202202202204 1.0529136053395627
11.018018018018019 1.051245637951067
11.033833833833835 1.0494717873600394
11.04964964964965 1.0475925509516715
11.065465465465467 1.0456115304554738
11.081281281281282 1.0435352354981824
11.097097097097098 1.0413727282819065
11.112912912912913 1.0391351328422538
11.12872872872873 1.0368350398467496
11.144544544544546 1.0344858434706425
11.160360360360361 1.0321010502317702
11.176176176176178 1.0296936006126929
11.191991991991992 1.0272752428263843
11.207807807807809 1.024855994315758
11.223623623623624 1.0224437207768104
11.23943943943944 1.0200438550372353
11.255255255255257 1.017659269477458
11.271071071071072 1.0152903063827723
11.286886886886888 1.012934961227811
11.302702702702703 1.010589204977829
11.31851851851852 1.0082474235673293
11.334334334334335 1.0059029462389855
11.350150150150151 1.0035486297531626
11.365965965965968 1.0011774628545673
11.381781781781783 0.9987831549238891
11.3975975975976 0.9963606744328967
11.413413413413414 0.9939067065164835
11.42922922922923 0.991420004412164
11.445045045045045 0.988901616334463
11.460860860860862 0.986354977110725
11.476676676676677 0.9837858621206911
11.492492492492493 0.9812022092520017
11.50830830830831 0.9786138222185358
11.524124124124125 0.9760319752421281
11.539939939939941 0.9734689443940739
11.555755755755756 0.970937494544989
11.571571571571573 0.9684503527004161
11.587387387387388 0.9660196984403421
11.603203203203204 0.9636567002850391
11.61901901901902 0.9613711232395094
11.634834834834836 0.9591710277843681
11.650650650650652 0.9570625745222759
11.666466466466467 0.9550499419529537
11.682282282282284 0.9531353578646583
11.698098098098098 0.9513192380281191
11.713913913913915 0.9496004196699188
11.72972972972973 0.9479764719484034
11.745545545545546 0.9464440616498062
11.761361361361363 0.9449993497737109
11.777177177177178 0.9436383936975457
11.792992992992994 0.9423575302113781
11.80880880880881 0.9411537168101539
11.824624624624626 0.9400248120434277
11.84044044044044 0.9389697801983315
11.856256256256257 0.9379888108167485
11.872072072072074 0.9370833491715754
11.887887887887889 0.9362560394842361
11.903703703703705 0.9355105880000135
11.91951951951952 0.9348515577245059
11.935335335335337 0.9342841103899815
11.951151151151151 0.9338137138583094
11.966966966966968 0.9334458345496812
11.982782782782785 0.9331856345703299
11.9985985985986 0.9330376920395663
12.014414414414416 0.9330057608082812
12.03023023023023 0.9330925825087705
12.046046046046047 0.9332997599258626
12.061861861861862 0.933627696315926
12.077677677677679 0.9340756008254603
12.093493493493494 0.9346415558742258
12.10930930930931 0.9353226385467339
12.125125125125127 0.9361150849179591
12.140940940940942 0.9370144840073273
12.156756756756758 0.9380159868269804
12.172572572572573 0.9391145158121254
12.18838838838839 0.9403049607663395
12.204204204204204 0.9415823492272961
12.220020020020021 0.94294198170198
12.235835835835838 0.9443795253297765
12.251651651651652 0.9458910629680614
12.267467467467469 0.9474730982029017
12.283283283283284 0.9491225201135568
12.2990990990991 0.9508365345290727
12.314914914914915 0.9526125708087267
12.330730730730732 0.9544481747039453
12.346546546546548 0.9563408985239609
12.362362362362363 0.958288199600824
12.37817817817818 0.960287356965897
12.393993993993995 0.9623354143054811
12.409809809809811 0.9644291548073083
12.425625625625626 0.9665651106344463
12.441441441441443 0.9687396066895485
12.457257257257258 0.9709488352938287
12.473073073073074 0.973188955631407
12.48888888888889 0.975456209510294
12.504704704704706 0.9777470433410598
12.520520520520522 0.9800582253607782
12.536336336336337 0.9823869471047494
12.552152152152154 0.9847308989622847
12.567967967967968 0.9870883112940386
12.583783783783785 0.9894579549271972
12.599599599599602 0.9918390977204803
12.615415415415416 0.9942314171028088
12.631231231231233 0.9966348718108797
12.647047047047048 0.9990495392446449
12.662862862862864 1.001475427694612
12.67867867867868 1.0039122749617382
12.694494494494496 1.0063593464169487
12.71031031031031 1.0088152462092317
12.726126126126127 1.0112777550629368
12.741941941941944 1.013743706903321
12.757757757757759 1.0162089144753463
12.773573573573575 1.0186681512953324
12.78938938938939 1.0211151938723741
12.805205205205207 1.023542924372198
12.821021021021021 1.0259434900139044
12.836836836836838 1.0283085117452495
12.852652652652655 1.0306293313850468
12.86846846846847 1.0328972836806019
12.884284284284286 1.0351039777953344
12.9001001001001 1.037241571758258
12.915915915915917 1.0393030234541836
12.931731731731732 1.041282302826655
12.947547547547549 1.0431745520523308
12.963363363363365 1.0449761834082356
12.97917917917918 1.046684908216393
12.994994994994997 1.0482996943907967
13.010810810810812 1.049820654473072
13.026626626626628 1.0512488703519187
13.042442442442443 1.052586164844168
13.05825825825826 1.0538348337164547
13.074074074074074 1.0549973543249664
13.089889889889891 1.0560760886740075
13.105705705705708 1.0570729992300427
13.121521521521522 1.0579893952320105
13.137337337337339 1.0588257255377458
13.153153153153154 1.0595814313369671
13.16896896896897 1.06025486850436
13.184784784784785 1.0608433051771835
13.200600600600602 1.06134299557705
13.216416416416418 1.061749326436736
13.232232232232233 1.062057027929234
13.24804804804805 1.0622604370061617
13.263863863863865 1.0623537977862307
13.279679679679681 1.0623315812976215
13.295495495495496 1.0621888056193618
13.311311311311313 1.0619213373678653
13.327127127127127 1.0615261565450649
13.342942942942944 1.0610015689404964
13.35875875875876 1.0603473534284558
13.374574574574575 1.0595648354291216
13.390390390390392 1.058656882266532
13.406206206206207 1.0576278208799164
13.422022022022023 1.05648328303504
13.437837837837838 1.0552299875477698
13.453653653653655 1.0538754728019966
13.469469469469471 1.0524277957846153
13.485285285285286 1.0508952157895972
13.501101101101103 1.0492858817427626
13.516916916916918 1.0476075417209707
13.532732732732734 1.0458672917100973
13.548548548548549 1.044071378063587
13.564364364364366 1.0422250646515638
13.580180180180182 1.0403325715491691
13.595995995995997 1.038397087563275
13.611811811811814 1.0364208542256275
13.627627627627628 1.0344053143815715
13.643443443443445 1.032351314459271
13.65925925925926 1.0302593461681697
13.675075075075076 1.0281298109557029
13.690890890890891 1.0259632891983086
13.706706706706708 1.0237607958993868
13.722522522522524 1.0215240056232788
13.73833833833834 1.0192554314475717
13.754154154154156 1.0169585457340475
13.76996996996997 1.0146378343085851
13.785785785785787 1.0122987799610308
13.801601601601602 1.0099477757530668
13.817417417417419 1.007591973165052
13.833233233233235 1.0052390743339121
13.84904904904905 1.0028970812661546
13.864864864864867 1.0005740177232156
13.880680680680682 0.9982776412927489
13.896496496496498 0.9960151638642595
13.912312312312313 0.9937929982761138
13.92812812812813 0.991616547321691
13.943943943943946 0.9894900486947823
13.959759759759761 0.9874164859824169
13.975575575575578 0.9853975716956843
13.991391391391392 0.9834338038248894
14.007207207207209 0.9815245927977855
14.023023023023024 0.9796684512983324
14.03883883883884 0.9778632354461613
14.054654654654655 0.9761064225921893
14.070470470470472 0.974395408657178
14.086286286286288 0.9727278066735213
14.102102102102103 0.9711017280654596
14.11791791791792 0.9695160292270695
14.133733733733735 0.9679705080666011
14.149549549549551 0.9664660382480879
14.165365365365366 0.9650046326853232
14.181181181181183 0.9635894321906094
14.196996996997 0.9622246197802511
14.212812812812814 0.9609152657043986
14.22862862862863 0.959667112517086
14.244444444444445 0.9584863131700737
14.260260260260262 0.9573791379751142
14.276076076076077 0.9563516681581166
14.291891891891893 0.9554094945115619
14.307707707707708 0.9545574392932753
14.323523523523525 0.9537993180462061
14.339339339339341 0.9531377555205193
14.355155155155156 0.9525740665244244
14.370970970970973 0.9521082085251088
14.386786786786788 0.9517388084168381
14.402602602602604 0.9514632613443537
14.418418418418419 0.9512778950972702
14.434234234234236 0.9511781896452164
14.450050050050052 0.9511590381060288
14.465865865865867 0.951215033029486
14.481681681681684 0.9513407604808007
14.497497497497498 0.9515310841014125
14.513313313313315 0.9517814021210205
14.52912912912913 0.9520878621368718
14.544944944944946 0.9524475212417322
14.560760760760763 0.952858442591514
14.576576576576578 0.953319723532705
14.592392392392394 0.9538314547030553
14.60820820820821 0.9543946138062264
14.624024024024026 0.9550109017743991
14.63983983983984 0.9556825325234359
14.655655655655657 0.9564119902590016
14.671471471471472 0.9572017701428747
14.687287287287289 0.9580541189684322
14.703103103103105 0.9589707922792572
14.71891891891892 0.9599528431182303
14.734734734734737 0.9610004554043213
14.750550550550551 0.9621128319475939
14.766366366366368 0.9632881435258256
14.782182182182183 0.9645235414912755
14.797997997998 0.9658152323076413
14.813813813813816 0.9671586084945064
14.82962962962963 0.9685484269277264
14.845445445445447 0.9699790225304517
14.861261261261262 0.9714445432712009
14.877077077077079 0.9729391911910237
14.892892892892894 0.9744574539797556
14.90870870870871 0.9759943124164292
14.924524524524527 0.977545410721866
14.940340340340342 0.9791071794236998
14.956156156156158 0.9806769035351172
14.971971971971973 0.9822527324875492
14.98778778778779 0.9838336320967306
15.003603603603604 0.9854192826317496
15.019419419419421 0.9870099305534141
15.035235235235236 0.9886062044670161
15.051051051051052 0.9902089081055587
15.066866866866869 0.9918188045792766
15.082682682682684 0.9934364066080452
15.0984984984985 0.9950617869680345
15.114314314314315 0.996694421968247
15.130130130130132 0.998333078521776
15.145945945945947 0.9999757524396896
15.161761761761763 1.001619662145276
15.17757757757758 1.003261298307075
15.193393393393395 1.0048965261617482
15.209209209209211 1.0065207337846938
15.225025025025026 1.0081290164955226
15.240840840840843 1.009716385156298
15.256656656656657 1.0112779844904334
15.272472472472474 1.01280930682533
15.288288288288289 1.014306386889794
15.304104104104105 1.015765964464251
15.319919919919922 1.0171856037135611
15.335735735735737 1.0185637607990232
15.351551551551553 1.0198997946908828
15.367367367367368 1.0211939197722946
15.383183183183185 1.022447102605032
15.398998998999 1.0236609088737276
15.414814814814816 1.024837309804904
15.430630630630633 1.0259784600584017
15.446446446446448 1.0270864610377535
15.462262262262264 1.0281631246358789
15.47807807807808 1.0292097525524855
15.493893893893896 1.0302269454792872
15.50970970970971 1.031214454699102
15.525525525525527 1.0321710860934483
15.541341341341344 1.0330946633596219
15.557157157157159 1.0339820536024324
15.572972972972975 1.034829254615978
15.58878878878879 1.035631539348801
15.604604604604607 1.0363836494916985
15.620420420420421 1.037080027064618
15.636236236236238 1.0377150704998648
15.652052052052053 1.038283400172534
15.66786786786787 1.0387801177125167
15.683683683683686 1.0392010437838581
15.6994994994995 1.0395429203141515
15.715315315315317 1.0398035653169975
15.731131131131132 1.0399819713383491
15.746946946946949 1.0400783419912292
15.762762762762764 1.040094064807429
15.77857857857858 1.040031622493682
15.794394394394397 1.0398944483923718
15.810210210210212 1.039686735281908
15.826026026026028 1.0394132094026707
15.841841841841843 1.0390788835915616
15.85765765765766 1.0386888045303102
15.873473473473474 1.0382478092939822
15.889289289289291 1.0377603056203364
15.905105105105108 1.0372300886612775
15.920920920920922 1.0366602045343714
15.936736736736739 1.036052867924025
15.952552552552554 1.0354094374861824
15.96836836836837 1.0347304491111833
15.984184184184185 1.034015703432674
16.0 1.0332644005689744
