0.2 0.030473255189945148
0.21581581581581583 0.03275254274981132
0.23163163163163164 0.034593148778173655
0.24744744744744746 0.036011123809943646
0.26326326326326327 0.037051274230030073
0.2790790790790791 0.03778391066904341
0.29489489489489495 0.03830006731070279
0.31071071071071077 0.0387054511506052
0.3265265265265266 0.03911345708799796
0.3423423423423424 0.039637644839597974
0.3581581581581582 0.04038411350507454
0.373973973973974 0.04144422663619962
0.38978978978978984 0.04288813344213194
0.40560560560560566 0.04475950009908569
0.42142142142142147 0.047071810075759
0.4372372372372373 0.0498065162157737
0.4530530530530531 0.05291323345237142
0.4688688688688689 0.05631205387684379
0.48468468468468473 0.05989795064020842
0.5005005005005005 0.06354711958555093
0.5163163163163164 0.0671249936082805
0.5321321321321322 0.07049556052456907
0.547947947947948 0.07353152637536287
0.5637637637637638 0.07612479767407343
0.5795795795795797 0.07819671231111247
0.5953953953953954 0.0797074327391396
0.6112112112112114 0.08066392846956671
0.6270270270270271 0.08112601819003873
0.642842842842843 0.0812100138702554
0.6586586586586587 0.08108960750891037
0.6744744744744746 0.08099376176506135
0.6902902902902903 0.08120150347249044
0.7061061061061062 0.08203366781385124
0.721921921921922 0.08384179386071644
0.7377377377377379 0.08699452197661506
0.7535535535535536 0.09186198286704117
0.7693693693693695 0.09879878975427703
0.7851851851851852 0.10812634279242417
0.8010010010010011 0.12011522290914889
0.8168168168168168 0.13496848649821946
0.8326326326326328 0.1528066700044629
0.8484484484484485 0.17365527330699448
0.8642642642642644 0.19743541353533156
0.8800800800800801 0.22395822893180606
0.895895895895896 0.2529234696890843
0.9117117117117117 0.2839225449811906
0.9275275275275277 0.31644610963269737
0.9433433433433434 0.349896078025953
0.9591591591591593 0.38360175560255116
0.9749749749749752 0.416839588634191
0.9907907907907909 0.44885585965833186
1.0066066066066068 0.4788915073953477
1.0224224224224225 0.5062081334482318
1.0382382382382385 0.5301141796939091
1.0540540540540542 0.5499902244566057
1.06986986986987 0.5653123549072023
1.0856856856856858 0.5756726282477542
1.1015015015015017 0.5807957336313775
1.1173173173173174 0.5805511069019791
1.1331331331331334 0.5749599256626139
1.148948948948949 0.5641966157391713
1.164764764764765 0.5485847232392298
1.1805805805805807 0.5285872395253164
1.1963963963963966 0.5047916993335193
1.2122122122122123 0.4778905946338381
1.2280280280280282 0.4486578486383235
1.243843843843844 0.41792226640184416
1.2596596596596599 0.3865390127417794
1.2754754754754756 0.3553602583521037
1.2912912912912915 0.32520617655288764
1.3071071071071072 0.2968374637968443
1.3229229229229231 0.27093049682707193
1.3387387387387388 0.2480561305234339
1.3545545545545548 0.2286629874858226
1.3703703703703705 0.2130658998080096
1.3861861861861864 0.20143994356842532
1.402002002002002 0.19382026695425336
1.417817817817818 0.19010766423472325
1.4336336336336337 0.19007960106027777
1.4494494494494496 0.19340616279080247
1.4652652652652653 0.19967018719798701
1.4810810810810813 0.20839066535469186
1.496896896896897 0.21904835775188047
1.512712712712713 0.23111248275850527
1.5285285285285286 0.2440672954176767
1.5443443443443445 0.25743738789296955
1.5601601601601602 0.2708106078879451
1.5759759759759762 0.2838576049484349
1.5917917917917919 0.2963471713983533
1.6076076076076078 0.30815673747320627
1.6234234234234235 0.3192776001014068
1.6392392392392394 0.3298147016443107
1.6550550550550551 0.33998101792074287
1.670870870870871 0.35008685297450304
1.6866866866866868 0.36052456055883275
1.7025025025025027 0.3717494092763156
1.7183183183183186 0.3842574710534846
1.7341341341341343 0.3985615341325889
1.7499499499499502 0.4151661169894518
1.765765765765766 0.43454268569196697
1.7815815815815819 0.45710615366282514
1.7973973973973976 0.48319367137734814
1.8132132132132135 0.5130465981896485
1.8290290290290292 0.5467963952029512
1.8448448448448451 0.5844549945294426
1.8606606606606608 0.6259099953643013
1.8764764764764768 0.6709248208233692
1.8922922922922925 0.7191437516329588
1.9081081081081084 0.770101543563583
1.923923923923924 0.8232371444180139
1.93973973973974 0.8779108618262718
1.9555555555555557 0.9334242020438768
1.9713713713713716 0.989041507631823
1.9871871871871873 1.0440124715914827
2.0030030030030033 1.0975945984264872
2.018818818818819 1.1490747177987477
2.034634634634635 1.1977887310192772
2.050450450450451 1.2431388798244878
2.0662662662662665 1.2846079644446322
2.0820820820820822 1.3217700963797614
2.0978978978978984 1.3542977422655018
2.113713713713714 1.3819649900725985
2.12952952952953 1.4046471390516435
2.1453453453453455 1.4223168722229835
2.1611611611611616 1.4350374076364911
2.1769769769769773 1.442953136141773
2.192792792792793 1.446278334581373
2.208608608608609 1.4452845914075927
2.224424424424425 1.4402875957763568
2.2402402402402406 1.4316339220245218
2.2560560560560567 1.4196883916170997
2.2718718718718725 1.4048225181945448
2.287687687687688 1.387404443546294
2.303503503503504 1.3677906594083558
2.31931931931932 1.346319688727601
2.3351351351351357 1.3233077774433966
2.3509509509509514 1.2990465307068235
2.366766766766767 1.273802322031833
2.3825825825825833 1.2478172155129912
2.398398398398399 1.2213110741618054
2.4142142142142147 1.1944844844671108
2.4300300300300304 1.1675221098609512
2.4458458458458465 1.140596093745513
2.4616616616616622 1.1138691645222267
2.477477477477478 1.0874971477396147
2.4932932932932936 1.0616306599864704
2.50910910910911 1.0364158405721284
2.5249249249249255 1.0119940648575354
2.540740740740741 0.988500671592908
2.556556556556557 0.9660628201439856
2.572372372372373 0.944796666840761
2.5881881881881887 0.9248041083762695
2.6040040040040044 0.9061693807099334
2.61981981981982 0.8889558219475441
2.6356356356356363 0.8732031061222318
2.651451451451452 0.858925231963136
2.6672672672672677 0.8461095081843752
2.6830830830830834 0.8347167173199616
2.6988988988988996 0.8246825674480601
2.7147147147147153 0.8159204598488665
2.730530530530531 0.8083255157869318
2.746346346346347 0.8017797224643003
2.762162162162163 0.7961579819064085
2.7779779779779785 0.7913347818531787
2.7937937937937942 0.7871911586737877
2.8096096096096104 0.7836215920158733
2.825425425425426 0.7805404613387232
2.8412412412412418 0.7778877064400732
2.8570570570570575 0.7756333670736559
2.8728728728728736 0.7737807290376604
2.8886886886886893 0.7723678728252216
2.904504504504505 0.7714675022317194
2.9203203203203207 0.7711850196307477
2.936136136136137 0.7716549069040065
2.9519519519519526 0.7730355609983715
2.9677677677677683 0.7755028156631425
2.983583583583584 0.7792424513840085
2.9993993993994 0.7844420498561206
3.015215215215216 0.7912825844236739
3.0310310310310316 0.7999301517511194
3.0468468468468473 0.8105282417870832
3.0626626626626634 0.8231909132990444
3.078478478478479 0.8379971925877877
3.094294294294295 0.8549869462611446
3.1101101101101105 0.8741583989518039
3.1259259259259267 0.8954673781508806
3.1417417417417424 0.9188282759344611
3.157557557557558 0.9441166265225954
3.1733733733733738 0.971173114467584
3.18918918918919 0.9998087555651421
3.2050050050050056 1.0298109353959972
3.2208208208208213 1.0609499519148908
3.2366366366366375 1.0929856908051836
3.252452452452453 1.1256740663053861
3.268268268268269 1.1587728855316333
3.2840840840840846 1.1920468393788186
3.2998998998999007 1.2252713851548669
3.3157157157157164 1.258235361476733
3.331531531531532 1.29074226015378
3.347347347347348 1.3226101678133246
3.363163163163164 1.3536704766696988
3.3789789789789797 1.3837655439636407
3.3947947947947954 1.4127455484374805
3.410610610610611 1.4404648456454903
3.4264264264264273 1.4667781586966833
3.442242242242243 1.4915369550325341
3.4580580580580587 1.5145863520998586
3.4738738738738744 1.5357628655948838
3.4896896896896905 1.554893264881176
3.505505505505506 1.5717947339367633
3.521321321321322 1.5862764564915175
3.5371371371371376 1.5981426554041138
3.5529529529529538 1.607197023875717
3.5687687687687695 1.6132483951422398
3.584584584584585 1.6161174131237948
3.600400400400401 1.6156438940907383
3.616216216216217 1.6116945130568208
3.6320320320320327 1.6041704117840463
3.6478478478478484 1.5930143103609433
3.663663663663664 1.5782167124637656
3.6794794794794803 1.5598208255128805
3.695295295295296 1.5379258695951976
3.7111111111111117 1.5126885206281537
3.7269269269269274 1.4843223201112248
3.7427427427427435 1.4530949813970524
3.7585585585585592 1.4193236255453638
3.774374374374375 1.3833680829920434
3.790190190190191 1.3456224949333895
3.806006006006007 1.3065055352247035
3.8218218218218225 1.266449645019137
3.837637637637638 1.2258897244458544
3.8534534534534544 1.1852517555007402
3.86926926926927 1.1449418363455022
3.8850850850850858 1.1053360890118562
3.9009009009009015 1.0667718610184687
3.9167167167167176 1.0295405788104997
3.9325325325325333 0.9938825305342567
3.948348348348349 0.9599837617165786
3.9641641641641647 0.9279751648946456
3.979979979979981 0.8979337385387466
3.9957957957957966 0.8698858872720063
4.011611611611612 0.8438125398004066
4.027427427427428 0.8196557780548883
4.043243243243244 0.7973266050283951
4.059059059059059 0.7767134329363239
4.074874874874875 0.7576908497979256
4.090690690690691 0.7401282222664045
4.106506506506507 0.7238977152025645
4.122322322322323 0.7088813525340378
4.138138138138139 0.6949768066771279
4.1539539539539545 0.6821016815522194
4.16976976976977 0.6701961425622988
4.185585585585586 0.6592238408797023
4.2014014014014025 0.6491711738149981
4.217217217217218 0.6400450127922253
4.233033033033034 0.6318691107288075
4.24884884884885 0.6246794672131757
4.264664664664665 0.6185189794043069
4.280480480480481 0.6134317366564878
4.296296296296297 0.609457326225637
4.312112112112113 0.6066255059364334
4.327927927927929 0.6049515684376123
4.343743743743745 0.6044326727855469
4.35955955955956 0.6050453556619815
4.375375375375376 0.6067443604012894
4.391191191191192 0.6094628415620263
4.4070070070070075 0.6131139206940277
4.422822822822823 0.6175934899074714
4.43863863863864 0.6227840882761159
4.4544544544544555 0.6285596159390513
4.470270270270271 0.6347906052282498
4.486086086086087 0.6413497395840698
4.501901901901903 0.6481173007659158
4.517717717717718 0.6549862331946328
4.533533533533534 0.6618665403873423
4.54934934934935 0.6686887705715872
4.565165165165166 0.6754064040150949
4.580980980980982 0.6819970199813797
4.596796796796798 0.6884621926056917
4.6126126126126135 0.6948261381826264
4.628428428428429 0.7011332071289869
4.644244244244245 0.7074443782003852
4.660060060060061 0.7138329667974954
4.675875875875876 0.720379800430855
4.691691691691693 0.727168140449326
4.707507507507509 0.7342786387124971
4.723323323323324 0.741784610704999
4.73913913913914 0.7497478833253812
4.754954954954956 0.758215437826584
4.770770770770771 0.7672170185446499
4.786586586586587 0.7767638191952988
4.802402402402404 0.7868482941878621
4.818218218218219 0.7974450764101912
4.834034034034035 0.8085129191234381
4.849849849849851 0.8199975216350106
4.8656656656656665 0.8318350495610413
4.881481481481482 0.843956123438047
4.897297297297298 0.8562900261633167
4.913113113113114 0.8687688713715593
4.92892892892893 0.8813314816445866
4.944744744744746 0.8939267467687043
4.960560560560562 0.9065162666325219
4.976376376376377 0.9190761285891058
4.992192192192193 0.9315977223850338
5.008008008008009 0.9440875538525413
5.023823823823824 0.9565660780058597
5.03963963963964 0.969065629489591
5.055455455455457 0.9816275801851398
5.071271271271272 0.9942988972505493
5.087087087087088 1.0071283075464186
5.102902902902904 1.0201622945528621
5.1187187187187195 1.0334411605387623
5.134534534534535 1.0469953797415297
5.150350350350351 1.0608424482954109
5.166166166166167 1.0749844050065491
5.181981981981983 1.0894061558728245
5.197797797797799 1.1040746870753189
5.213613613613615 1.1189391989844883
5.22942942942943 1.133932140674319
5.245245245245246 1.1489710736672925
5.261061061061062 1.163961248099042
5.2768768768768775 1.178798736790136
5.292692692692694 1.1933739449288405
5.30850850850851 1.2075752966608029
5.3243243243243255 1.2212928956018192
5.340140140140141 1.234421964150311
5.355955955955957 1.2468658857588966
5.371771771771773 1.2585387036347768
5.387587587587588 1.2693669666989462
5.403403403403404 1.279290856611214
5.419219219219221 1.2882645755261437
5.435035035035036 1.2962560201163948
5.450850850850852 1.3032458104598694
5.466666666666668 1.3092257800255058
5.482482482482483 1.3141970629704616
5.498298298298299 1.3181679355429519
5.514114114114115 1.3211515784381187
5.5299299299299305 1.323163926013494
5.545745745745747 1.324221756558658
5.561561561561563 1.3243411562213667
5.5773773773773785 1.3235364592177048
5.593193193193194 1.3218197306045263
5.60900900900901 1.3192008175587235
5.624824824824826 1.3156879534119266
5.640640640640641 1.3112888583223419
5.656456456456457 1.3060122440212343
5.672272272272274 1.2998695998865917
5.688088088088089 1.2928771156070824
5.703903903903905 1.28505758332353
5.719719719719721 1.2764421201865432
5.735535535535536 1.2670715609083256
5.751351351351352 1.2569973886127572
5.767167167167168 1.2462820999688093
5.782982982982984 1.2349989355355124
5.7987987987988 1.2232309463023614
5.814614614614616 1.2110694101014234
5.8304304304304315 1.1986116542459886
5.846246246246247 1.185958380750989
5.862062062062063 1.1732106252970056
5.877877877877879 1.1604665084984669
5.893693693693694 1.1478179562504618
5.909509509509511 1.1353475737257999
5.925325325325327 1.1231258543647085
5.941141141141142 1.1112088909945321
5.956956956956958 1.0996367317468403
5.972772772772774 1.0884324900352256
5.9885885885885894 1.0776022773927314
6.004404404404405 1.0671359827508091
6.020220220220221 1.0570088743778863
6.0360360360360374 1.0471839539362222
6.051851851851853 1.0376149486952724
6.067667667667669 1.0282497904150587
6.0834834834834846 1.0190344000124665
6.0992992992993 1.0099165776151071
6.115115115115116 1.0008497891950263
6.130930930930932 0.9917966442251727
6.146746746746747 0.9827318736115265
6.162562562562564 0.9736446427533221
6.17837837837838 0.9645400695805441
6.194194194194195 0.9554398598766727
6.210010010010011 0.9463820197488324
6.225825825825827 0.9374196550949327
6.2416416416416425 0.928618917533851
6.257457457457458 0.9200562027247638
6.273273273273275 0.9118147476986912
6.2890890890890905 0.9039808064802036
6.304904904904906 0.8966396060687045
6.320720720720722 0.8898712965160889
6.336536536536538 0.8837471087514456
6.352352352352353 0.8783259219996573
6.368168168168169 0.8736514198158852
6.383983983983985 0.8697499812273155
6.399799799799801 0.8666294130934963
6.415615615615617 0.8642785838563081
6.431431431431433 0.8626679699397319
6.447247247247248 0.8617510769193549
6.463063063063064 0.8614666509481209
6.47887887887888 0.8617415543739606
6.4946946946946955 0.8624941452867474
6.510510510510511 0.8636379757244687
6.526326326326328 0.8650856087562738
6.5421421421421435 0.8667523513449394
6.557957957957959 0.8685597078374097
6.573773773773775 0.8704383775680034
6.589589589589591 0.8723306482160136
6.605405405405406 0.8741920725441491
6.621221221221222 0.8759923578395171
6.637037037037038 0.8777154423688829
6.652852852852854 0.8793587788709976
6.66866866866867 0.8809318889573059
6.684484484484486 0.8824542918322604
6.700300300300301 0.883952943804958
6.716116116116117 0.8854593498698936
6.731931931931933 0.8870065239035392
6.7477477477477485 0.8886259790319074
6.763563563563564 0.8903449243426407
6.779379379379381 0.8921838288073867
6.7951951951951965 0.8941544890694277
6.811011011011012 0.8962587061541877
6.826826826826828 0.8984876390926191
6.842642642642644 0.9008218631104957
6.858458458458459 0.9032321187856337
6.874274274274275 0.9056806987826832
6.890090090090092 0.9081233826947136
6.905905905905907 0.9105118001588646
6.921721721721723 0.9127960794177025
6.937537537537539 0.9149276240683534
6.9533533533533545 0.9168618555672937
6.96916916916917 0.9185607632866702
6.984984984984986 0.9199951171523111
7.000800800800802 0.921146219226723
7.016616616616618 0.9220070986735519
7.032432432432434 0.9225830876285376
7.04824824824825 0.9228917516206643
7.064064064064065 0.9229621852089894
7.079879879879881 0.9228337192819361
7.095695695695697 0.9225541189706867
7.111511511511512 0.922177378544401
7.127327327327328 0.9217612404948163
7.143143143143145 0.9213645791994524
7.15895895895896 0.921044794455713
7.174774774774776 0.9208553566717891
7.190590590590592 0.920843633942452
7.2064064064064075 0.9210491124462298
7.222222222222223 0.9215020967969729
7.238038038038039 0.9222229477153993
7.253853853853855 0.923221882433297
7.269669669669671 0.9244993305058513
7.285485485485487 0.9260468060972947
7.301301301301303 0.9278482291314545
7.317117117117118 0.9298816035663678
7.332932932932934 0.9321209427705818
7.34874874874875 0.9345383204917431
7.364564564564565 0.9371059217450501
7.380380380380382 0.9397979712020675
7.396196196196198 0.9425924269866388
7.412012012012013 0.945472344435161
7.427827827827829 0.948426836249448
7.443643643643645 0.9514515811745944
7.4594594594594605 0.954548861287761
7.475275275275276 0.9577271365027958
7.491091091091092 0.9610001922969694
7.5069069069069085 0.964385921366341
7.522722722722724 0.9679048205224146
7.53853853853854 0.971578299530645
7.554354354354356 0.9754269079662231
7.570170170170171 0.9794685890993824
7.585985985985987 0.9837170662833227
7.601801801801803 0.9881804576465355
7.6176176176176185 0.9928601997851246
7.633433433433435 0.9977503416121862
7.649249249249251 1.0028372467926463
7.6650650650650665 1.0080997186767962
7.680880880880882 1.013509536822783
7.696696696696698 1.0190323705323618
7.712512512512514 1.0246290136797667
7.728328328328329 1.030256867676358
7.744144144144145 1.0358715866241368
7.759959959959962 1.0414287912141662
7.775775775775777 1.0468857560388387
7.791591591591593 1.0522029786883011
7.807407407407409 1.0573455479395841
7.823223223223224 1.0622842418688054
7.83903903903904 1.0669963039128187
7.854854854854856 1.0714658646716906
7.870670670670672 1.075683998346565
7.886486486486488 1.0796484238690378
7.902302302302304 1.083362880746846
7.9181181181181195 1.0868362272779555
7.933933933933935 1.0900813230917559
7.949749749749751 1.0931137682064378
7.965565565565567 1.0959505764541007
7.981381381381382 1.0986088620148644
7.997197197197199 1.101104614005661
8.013013013013014 1.1034516259555036
8.02882882882883 1.105660635184443
8.044644644644645 1.1077387124123999
8.060460460460462 1.1096889253325084
8.076276276276277 1.111510282455576
8.092092092092093 1.1131979463532047
8.107907907907908 1.1147436895365936
8.123723723723725 1.1161365525376539
8.139539539539541 1.1173636530776558
8.155355355355356 1.1184110880793865
8.171171171171173 1.119264867029519
8.186986986986987 1.1199118159068033
8.202802802802804 1.1203403953887197
8.218618618618619 1.1205413849328365
8.234434434434435 1.120508394996915
8.25025025025025 1.1202381823530743
8.266066066066067 1.1197307572985038
8.281881881881882 1.1189892856505879
8.297697697697698 1.118019801829149
8.313513513513515 1.1168307612298602
8.32932932932933 1.1154324697553106
8.345145145145146 1.1138364352291459
8.360960960960961 1.1120546891025824
8.376776776776778 1.110099127212388
8.392592592592592 1.1079809154243485
8.408408408408409 1.1057100000654856
8.424224224224226 1.1032947545698533
8.44004004004004 1.1007417833503885
8.455855855855857 1.0980558922905743
8.471671671671672 1.0952402232172165
8.487487487487488 1.0922965380752354
8.503303303303303 1.0892256280440733
8.51911911911912 1.0860278141928037
8.534934934934935 1.0827035000172756
8.550750750750751 1.079253732724454
8.566566566566568 1.0756807296276416
8.582382382382383 1.0719883284963594
8.5981981981982 1.0681823259771817
8.614014014014014 1.0642706758980391
8.62982982982983 1.060263528865744
8.645645645645645 1.0561731054234593
8.661461461461462 1.052013406433646
8.677277277277279 1.047799775545124
8.693093093093093 1.0435483388608493
8.70890890890891 1.039275355581096
8.724724724724725 1.0349965198965139
8.740540540540541 1.0307262583296104
8.756356356356356 1.0264770678206585
8.772172172172173 1.0222589380548561
8.787987987987988 1.018078896946048
8.803803803803804 1.0139407111181575
8.81961961961962 1.0098447641046566
8.835435435435436 1.005788124391598
8.851251251251252 1.0017648040239389
8.867067067067067 0.9977661969887828
8.882882882882884 0.9937816756966356
8.898698698698698 0.9897993142751064
8.914514514514515 0.9858066996577702
8.930330330330332 0.9817917860640315
8.946146146146146 0.9777437457459525
8.961961961961963 0.9736537689809464
8.977777777777778 0.9695157691957874
8.993593593593594 0.9653269546261426
9.00940940940941 0.961088235696378
9.025225225225226 0.9568044468601444
9.041041041041042 0.952484372382024
9.056856856856857 0.9481405768055309
9.072672672672674 0.9437890519582625
9.088488488488489 0.9394487026224194
9.104304304304305 0.9351407018370393
9.12012012012012 0.9308877536803436
9.135935935935937 0.9267133059148498
9.151751751751751 0.9226407568208259
9.167567567567568 0.9186926998128244
9.183383383383385 0.9148902461118712
9.1991991991992 0.9112524600722414
9.215015015015016 0.9077959341177021
9.230830830830831 0.9045345211244348
9.246646646646647 0.9014792320772329
9.262462462462462 0.898638296549667
9.278278278278279 0.8960173736529143
9.294094094094095 0.8936198921654678
9.30990990990991 0.8914474911318163
9.325725725725727 0.8895005267365474
9.341541541541542 0.8877786080287579
9.357357357357358 0.8862811232539608
9.373173173173173 0.8850077201584793
9.38898898898899 0.8839587075253152
9.404804804804806 0.8831353511011427
9.420620620620621 0.8825400445806854
9.436436436436438 0.8821763449320852
9.452252252252253 0.8820488705170947
9.468068068068069 0.8821630695982333
9.483883883883884 0.8825248753564418
9.4996996996997 0.8831402709377763
9.515515515515515 0.8840147938548882
9.531331331331332 0.8851530129422377
9.547147147147149 0.8865580127825524
9.562962962962963 0.8882309200031518
9.57877877877878 0.8901705031428634
9.594594594594595 0.8923728731077786
9.610410410410411 0.8948313048835594
9.626226226226226 0.8975361935707835
9.642042042042043 0.9004751494488739
9.65785785785786 0.9036332281862891
9.673673673673674 0.9069932840408482
9.68948948948949 0.9105364264492652
9.705305305305306 0.9142425542463322
9.721121121121122 0.918090937253013
9.736936936936937 0.9220608123920256
9.752752752752754 0.9261319609691272
9.768568568568568 0.9302852353071227
9.784384384384385 0.9345030064167842
9.800200200200202 0.9387695095926224
9.816016016016016 0.9430710713859333
9.831831831831833 0.9473962089053007
9.847647647647648 0.9517356003448453
9.863463463463464 0.9560819335391285
9.87927927927928 0.9604296466959492
9.895095095095096 0.9647745818096989
9.910910910910912 0.9691135762219589
9.926726726726727 0.9734440210780801
9.942542542542544 0.9777634168432779
9.958358358358359 0.9820689555239991
9.974174174174175 0.9863571568473904
9.98998998998999 0.9906235815588336
10.005805805805807 0.9948626394857251
10.021621621621623 0.9990675034525873
10.037437437437438 1.0032301329488504
10.053253253253255 1.0073414041116653
10.06906906906907 1.0113913355627473
10.084884884884886 1.015369393376773
10.1007007007007 1.0192648533529696
10.116516516516517 1.023067195128202
10.132332332332332 1.0267665007294935
10.148148148148149 1.030353830027779
10.163963963963965 1.0338215472181773
10.17977977977978 1.0371635757964366
10.195595595595597 1.040375564301457
10.211411411411412 1.043454951033988
10.227227227227228 1.0464009226552813
10.243043043043043 1.0492142685844752
10.25885885885886 1.051897139999679
10.274674674674676 1.0544527285651715
10.290490490490491 1.0568848853540658
10.306306306306308 1.0591977044733607
10.322122122122122 1.0613950983716534
10.337937937937939 1.0634803925635996
10.353753753753754 1.065455966492752
10.36956956956957 1.0673229645401026
10.385385385385387 1.0690810969402251
10.401201201201202 1.0707285448564712
10.417017017017018 1.072261977435299
10.432832832832833 1.0736766817081211
10.44864864864865 1.0749667991686718
10.464464464464465 1.0761256561607582
10.480280280280281 1.0771461692784992
10.496096096096096 1.078021302173611
10.511911911911913 1.0787445467764534
10.52772772772773 1.0793104001755478
10.543543543543544 1.0797148083699337
10.55935935935936 1.0799555498095963
10.575175175175175 1.080032534965281
10.590990990990992 1.0799480029159456
10.606806806806807 1.079706601820456
10.622622622622623 1.0793153467936003
10.63843843843844 1.0787834557342517
10.654254254254255 1.0781220706349661
10.670070070070071 1.077343878422861
10.685885885885886 1.0764626510578863
10.701701701701703 1.0754927291172616
10.717517517517518 1.0744484761682522
10.733333333333334 1.0733437327081419
10.749149149149149 1.0721912982603035
10.764964964964966 1.0710024683891783
10.780780780780782 1.0697866500627753
10.796596596596597 1.068551074165309
10.812412412412414 1.067300618335344
10.828228228228229 1.0660377470221516
10.844044044044045 1.0647625690945401
10.85985985985986 1.0634730068918878
10.875675675675677 1.0621650646525165
10.891491491491493 1.060833179129696
10.907307307307308 1.059470631193924
10.923123123123125 1.0580699945326162
10.93893893893894 1.056623596321879
10.954754754754756 1.055123964996244
10.97057057057057 1.0535642419271858
10.986386386386387 1.0519385368002798
11.002202202202204 1.050242210539239
11.018018018018019 1.0484720744875138
11.033833833833835 1.0466264999072734
11.04964964964965 1.0447054373523272
11.065465465465467 1.0427103507767594
11.081281281281282 1.0406440760365128
11.097097097097098 1.0385106174489642
11.112912912912913 1.0363148990745843
11.12872872872873 1.0340624892231711
11.144544544544546 1.0317593172903634
11.160360360360361 1.0294114014035607
11.176176176176178 1.0270246035834099
11.191991991991992 1.0246044263615872
11.207807807807809 1.0221558612508488
11.223623623623624 1.019683295396469
11.23943943943944 1.0171904784328074
11.255255255255257 1.0146805473160878
11.271071071071072 1.0121561029840533
11.286886886886888 1.0096193293551228
11.302702702702703 1.007072142628883
11.31851851851852 1.0045163572334177
11.334334334334335 1.0019538541642778
11.350150150150151 0.9993867378857484
11.365965965965968 0.99681746935918
11.381781781781783 0.9942489650028214
11.3975975975976 0.9916846542955563
11.413413413413414 0.989128492093875
11.42922922922923 0.9865849252915625
11.445045045045045 0.9840588169597808
11.460860860860862 0.9815553343141084
11.476676676676677 0.9790798095419688
11.492492492492493 0.9766375845052703
11.50830830830831 0.9742338514769481
11.524124124124125 0.9718735023040773
11.539939939939941 0.9695609977060986
11.555755755755756 0.9673002668702921
11.571571571571573 0.9650946452135278
11.587387387387388 0.9629468553065794
11.603203203203204 0.9608590327116492
11.61901901901902 0.9588327950974063
11.634834834834836 0.95686934971033
11.650650650650652 0.9549696313309771
11.666466466466467 0.9531344604402135
11.682282282282284 0.951364709637205
11.698098098098098 0.9496614655123541
11.713913913913915 0.9480261732506148
11.72972972972973 0.9464607522274157
11.745545545545546 0.9449676727012516
11.761361361361363 0.9435499862851531
11.777177177177178 0.9422113060233455
11.792992992992994 0.9409557353989124
11.80880880880881 0.9397877492161699
11.824624624624626 0.9387120327902698
11.84044044044044 0.9377332889947637
11.856256256256257 0.9368560252462151
11.872072072072074 0.9360843342613205
11.887887887887889 0.9354216832738431
11.903703703703705 0.9348707262723835
11.91951951951952 0.9344331527063674
11.935335335335337 0.9341095840630874
11.951151151151151 0.9338995268622974
11.966966966966968 0.933801387121323
11.982782782782785 0.9338125474321894
11.9985985985986 0.9339295037129207
12.014414414414416 0.9341480547128266
12.03023023023023 0.9344635337288543
12.046046046046047 0.9348710689701797
12.061861861861862 0.9353658567989896
12.077677677677679 0.9359434308354353
12.093493493493494 0.9365999097424991
12.10930930930931 0.9373322074332716
12.125125125125127 0.9381381914301161
12.140940940940942 0.9390167780451956
12.156756756756758 0.9399679567751591
12.172572572572573 0.9409927405873384
12.18838838838839 0.9420930433594878
12.204204204204204 0.9432714903358937
12.220020020020021 0.9445311717903175
12.235835835835838 0.9458753538643457
12.251651651651652 0.9473071635324067
12.267467467467469 0.9488292666323047
12.283283283283284 0.9504435587522356
12.2990990990991 0.9521508884102694
12.314914914914915 0.9539508304025339
12.330730730730732 0.9558415245089006
12.346546546546548 0.9578195910775613
12.362362362362363 0.9598801305726776
12.37817817817818 0.9620168092223801
12.393993993993995 0.9642220277425105
12.409809809809811 0.9664871650460762
12.425625625625626 0.9688028841886461
12.441441441441443 0.9711594838340237
12.457257257257258 0.9735472755015825
12.473073073073074 0.9759569649713804
12.48888888888889 0.978380015603352
12.504704704704706 0.9808089720252783
12.520520520520522 0.9832377246345508
12.536336336336337 0.9856616985367576
12.552152152152154 0.9880779547333667
12.567967967967968 0.9904851963326042
12.583783783783785 0.9928836780052918
12.599599599599602 0.9952750225228313
12.615415415415416 0.9976619536673794
12.631231231231233 1.0000479597714664
12.647047047047048 1.0024369063296252
12.662862862862864 1.0048326192762451
12.67867867867868 1.007238462449796
12.694494494494496 1.0096569333432124
12.71031031031031 1.0120893004317184
12.726126126126127 1.0145353032124909
12.741941941941944 1.0169929327043477
12.757757757757759 1.0194583057317832
12.773573573573575 1.0219256411089663
12.78938938938939 1.0243873401451213
12.805205205205207 1.0268341680410995
12.821021021021021 1.0292555270754247
12.836836836836838 1.031639807313828
12.852652652652655 1.033974796216653
12.86846846846847 1.0362481252139195
12.884284284284286 1.0384477292568493
12.9001001001001 1.0405622946532764
12.915915915915917 1.042581671189337
12.931731731731732 1.0444972265867118
12.947547547547549 1.0463021246209698
12.963363363363365 1.047991512538868
12.97917917917918 1.0495626085086251
12.994994994994997 1.051014685420912
13.010810810810812 1.0523489531071553
13.026626626626628 1.0535683466258945
13.042442442442443 1.0546772333696568
13.05825825825826 1.0556810560769772
13.074074074074074 1.056585932156742
13.089889889889891 1.057398231865741
13.105705705705708 1.0581241587165722
13.121521521521522 1.0587693549997093
13.137337337337339 1.0593385535259
13.153153153153154 1.0598352937523945
13.16896896896897 1.0602617165343355
13.184784784784785 1.0606184470808961
13.200600600600602 1.060904570574238
13.216416416416418 1.061117699630569
13.232232232232233 1.0612541276537648
13.24804804804805 1.0613090574469222
13.263863863863865 1.0612768904689585
13.279679679679681 1.0611515590693674
13.295495495495496 1.0609268820639381
13.311311311311313 1.0605969232206431
13.327127127127127 1.0601563326299837
13.342942942942944 1.059600652488666
13.35875875875876 1.058926571413276
13.374574574574575 1.0581321148462781
13.390390390390392 1.0572167631971743
13.406206206206207 1.0561814938205867
13.422022022022023 1.0550287474963518
13.437837837837838 1.0537623244697025
13.453653653653655 1.0523872190732386
13.469469469469471 1.050909405258795
13.485285285285286 1.0493355878329842
13.501101101101103 1.047672935686198
13.516916916916918 1.0459288137639233
13.532732732732734 1.0441105299484565
13.548548548548549 1.0422251114592875
13.564364364364366 1.0402791229609865
13.580180180180182 1.0382785354582682
13.595995995995997 1.0362286514679921
13.611811811811814 1.034134088121803
13.627627627627628 1.0319988160162876
13.643443443443445 1.029826248030707
13.65925925925926 1.0276193691970836
13.675075075075076 1.0253808962224078
13.690890890890891 1.0231134535729085
13.706706706706708 1.020819752228397
13.722522522522524 1.0185027573362349
13.73833833833834 1.0161658320165328
13.754154154154156 1.0138128464135991
13.76996996996997 1.0114482436236747
13.785785785785787 1.0090770571841374
13.801601601601602 1.006704878182583
13.817417417417419 1.0043377735158527
13.833233233233235 1.0019821601759258
13.84904904904905 0.9996446434485455
13.864864864864867 0.9973318293919861
13.880680680680682 0.9950501237628059
13.896496496496498 0.9928055305624272
13.912312312312313 0.9906034635331382
13.92812812812813 0.9884485832287033
13.943943943943946 0.9863446707709709
13.959759759759761 0.9842945471776432
13.975575575575578 0.9823000443494372
13.991391391391392 0.9803620306134619
14.007207207207209 0.9784804903334158
14.023023023023024 0.9766546537267067
14.03883883883884 0.9748831698822074
14.054654654654655 0.9731643132435653
14.070470470470472 0.9714962116786127
14.086286286286288 0.9698770828257115
14.102102102102103 0.9683054647787515
14.11791791791792 0.9667804273808532
14.133733733733735 0.9653017514285259
14.149549549549551 0.9638700648793136
14.165365365365366 0.9624869275978017
14.181181181181183 0.9611548591197515
14.196996996997 0.9598773071855837
14.212812812812814 0.9586585581976266
14.22862862862863 0.9575035940893698
14.244444444444445 0.9564179031640164
14.260260260260262 0.9554072550858276
14.276076076076077 0.9544774522408543
14.291891891891893 0.9536340710096751
14.307707707707708 0.9528822070425117
14.323523523523525 0.9522262383716861
14.339339339339341 0.951669619160164
14.355155155155156 0.9512147151354949
14.370970970970973 0.9508626894039821
14.386786786786788 0.9506134445222241
14.402602602602604 0.9504656235887801
14.418418418418419 0.9504166698887996
14.434234234234236 0.9504629414637922
14.450050050050052 0.950599874065011
14.465865865865867 0.950822183442353
14.481681681681684 0.9511240959550689
14.497497497497498 0.9514995951660011
14.513313313313315 0.9519426714587911
14.52912912912913 0.9524475618172874
14.544944944944946 0.9530089677062754
14.560760760760763 0.9536222404312381
14.576576576576578 0.9542835253358837
14.592392392392394 0.9549898585949939
14.60820820820821 0.9557392130317257
14.624024024024026 0.9565304921764708
14.63983983983984 0.9573634745303834
14.655655655655657 0.9582387125497247
14.671471471471472 0.9591573930920457
14.687287287287289 0.9601211678500507
14.703103103103105 0.961131963560708
14.71891891891892 0.9621917824656745
14.734734734734737 0.9633025035986745
14.750550550550551 0.9644656950046682
14.766366366366368 0.9656824460047524
14.782182182182183 0.9669532271875684
14.797997997998 0.9682777840322804
14.813813813813816 0.9696550680646323
14.82962962962963 0.9710832073385596
14.845445445445447 0.9725595159436853
14.861261261261262 0.9740805402788638
14.877077077077079 0.975642138105159
14.892892892892894 0.9772395849804091
14.90870870870871 0.9788677016410646
14.924524524524527 0.980520995268928
14.940340340340342 0.9821938073685184
14.956156156156158 0.9838804611675939
14.971971971971973 0.9855754019990536
14.98778778778779 0.9872733249684821
15.003603603603604 0.9889692852856105
15.019419419419421 0.9906587878592666
15.035235235235236 0.9923378540405018
15.051051051051052 0.9940030646670442
15.066866866866869 0.9956515797413499
15.082682682682684 0.9972811361038764
15.0984984984985 0.9988900252975372
15.114314314314315 1.0004770544306445
15.130130130130132 1.0020414932237895
15.145945945945947 1.003583010577976
15.161761761761763 1.0051016039490877
15.17757757757758 1.0065975245920038
15.193393393393395 1.0080712013897135
15.209209209209211 1.0095231655567218
15.225025025025026 1.0109539780504506
15.240840840840843 1.012364161084394
15.256656656656657 1.013754134750571
15.272472472472474 1.0151241594546672
15.288288288288289 1.0164742846617818
15.304104104104105 1.0178043043480023
15.319919919919922 1.0191137195448825
15.335735735735737 1.0204017084310903
15.351551551551553 1.0216671045399124
15.367367367367368 1.022908383778934
15.383183183183185 1.0241236610625153
15.398998998999 1.0253106974031465
15.414814814814816 1.0264669182635604
15.430630630630633 1.027589443814515
15.446446446446448 1.0286751314607354
15.462262262262264 1.0297206305890327
15.47807807807808 1.0307224489703208
15.493893893893896 1.0316770296360438
15.50970970970971 1.032580836385448
15.525525525525527 1.033430445408293
15.541341341341344 1.0342226398788845
15.557157157157159 1.034954503844742
15.572972972972975 1.0356235113479062
15.58878878878879 1.0362276065238827
15.604604604604607 1.036765270457734
15.620420420420421 1.037235570860871
15.636236236236238 1.0376381911720833
15.652052052052053 1.0379734364715179
15.66786786786787 1.0382422145985135
15.683683683683686 1.0384459920387064
15.6994994994995 1.0385867254334442
15.715315315315317 1.0386667708948247
15.731131131131132 1.0386887746049673
15.746946946946949 1.0386555493582794
15.762762762762764 1.0385699426930664
15.77857857857858 1.0384347029841658
15.794394394394397 1.0382523502743095
15.810210210210212 1.038025058668393
15.826026026026028 1.037754556781555
15.841841841841843 1.037442052020911
15.85765765765766 1.0370881834167678
15.873473473473474 1.0366930063491968
15.889289289289291 1.036256010907114
15.905105105105108 1.0357761738532538
15.920920920920922 1.035252042345551
15.936736736736739 1.0346818457859634
15.952552552552554 1.0340636305349
15.96836836836837 1.0333954108407752
15.984184184184185 1.0326753282759202
16.0 1.0319018113112408
