0.2 0.04984990219889818
0.21581581581581583 0.05878342821965887
0.23163163163163164 0.0654196632001175
0.24744744744744746 0.0697119705527276
0.26326326326326327 0.07173149933624356
0.2790790790790791 0.0716592318808632
0.29489489489489495 0.06977249694057097
0.31071071071071077 0.06642676600749886
0.3265265265265266 0.062033794907490614
0.3423423423423424 0.05703735702185708
0.3581581581581582 0.05188792882471749
0.373973973973974 0.04701772719069952
0.38978978978978984 0.04281745963249306
0.40560560560560566 0.03961603606054731
0.42142142142142147 0.037664310692068104
0.4372372372372373 0.037123685920789185
0.4530530530530531 0.038060129899266215
0.4688688688688689 0.0404438521658852
0.48468468468468473 0.04415456412887375
0.5005005005005005 0.04899194126110551
0.5163163163163164 0.05469061853884949
0.5321321321321322 0.060938805519485606
0.547947947947948 0.06739941565734386
0.5637637637637638 0.07373247606671496
0.5795795795795797 0.07961752539230593
0.5953953953953954 0.08477472122458196
0.6112112112112114 0.08898346303620863
0.6270270270270271 0.09209748643307358
0.642842842842843 0.09405559055642043
0.6586586586586587 0.09488741066546424
0.6744744744744746 0.09471392788339672
0.6902902902902903 0.0937427019347632
0.7061061061061062 0.09225810399595391
0.721921921921922 0.0906070994350252
0.7377377377377379 0.08918136939638988
0.7535535535535536 0.0883967531218246
0.7693693693693695 0.08867112957975465
0.7851851851851852 0.09040193066782731
0.8010010010010011 0.09394448583873871
0.8168168168168168 0.09959234008918094
0.8326326326326328 0.10756056810246917
0.8484484484484485 0.11797293454919122
0.8642642642642644 0.13085353459394666
0.8800800800800801 0.14612330222344672
0.895895895895896 0.16360151126774136
0.9117117117117117 0.18301212974318748
0.9275275275275277 0.2039946370091238
0.9433433433433434 0.22611868877634744
0.9591591591591593 0.24890182902902047
0.9749749749749752 0.27182930979824194
0.9907907907907909 0.2943749959253058
1.0066066066066068 0.31602230572880174
1.0224224224224225 0.3362841697589195
1.0382382382382385 0.3547210752400034
1.0540540540540542 0.370956397025645
1.06986986986987 0.3846883880104639
1.0856856856856858 0.3956984020576291
1.1015015015015017 0.4038551383957548
1.1173173173173174 0.40911491532649047
1.1331331331331334 0.4115181903686742
1.148948948948949 0.4111827319756637
1.164764764764765 0.4082940046203648
1.1805805805805807 0.4030934464183026
1.1963963963963966 0.3958653911926652
1.2122122122122123 0.3869234124428811
1.2280280280280282 0.3765968454353783
1.243843843843844 0.3652181787825707
1.2596596596596599 0.35311190415758276
1.2754754754754756 0.3405852800927305
1.2912912912912915 0.3279213126204581
1.3071071071071072 0.3153740923109458
1.3229229229229231 0.3031664648264226
1.3387387387387388 0.2914898608654277
1.3545545545545548 0.28050598071343713
1.3703703703703705 0.27034992636576116
1.3861861861861864 0.26113430610950417
1.402002002002002 0.2529538059279891
1.417817817817818 0.24588972995108482
1.4336336336336337 0.24001405667659326
1.4494494494494496 0.2353926346698635
1.4652652652652653 0.2320872446312945
1.4810810810810813 0.23015637613918194
1.496896896896897 0.2296546979148587
1.512712712712713 0.23063133046264028
1.5285285285285286 0.2331271498492331
1.5443443443443445 0.2371714523719295
1.5601601601601602 0.24277838439510846
1.5759759759759762 0.24994358398768135
1.5917917917917919 0.25864148763414574
1.6076076076076078 0.26882372511262964
1.6234234234234235 0.2804189600469974
1.6392392392392394 0.29333443650637137
1.6550550550550551 0.30745936942361884
1.670870870870871 0.3226701764636859
1.6866866866866868 0.338837400581956
1.7025025025025027 0.355834025940191
1.7183183183183186 0.37354475530470455
1.7341341341341343 0.3918757042419062
1.7499499499499502 0.41076388491783955
1.765765765765766 0.43018580696717124
1.7815815815815819 0.4501645194205014
1.7973973973973976 0.4707744582543437
1.8132132132132135 0.4921435482417025
1.8290290290290292 0.5144521321876414
1.8448448448448451 0.5379284594929736
1.8606606606606608 0.5628406511588709
1.8764764764764768 0.5894852598217067
1.8922922922922925 0.6181727498802188
1.9081081081081084 0.6492104222722426
1.923923923923924 0.6828834890313422
1.93973973973974 0.7194351531917735
1.9555555555555557 0.7590466601023634
1.9713713713713716 0.8018183489462172
1.9871871871871873 0.8477527429270335
2.0030030030030033 0.8967406707067509
2.018818818818819 0.9485513108420374
2.034634634634635 1.0028268988201856
2.050450450450451 1.0590826394136943
2.0662662662662665 1.1167121346414972
2.0820820820820822 1.1749983809695388
2.0978978978978984 1.2331301213809813
2.113713713713714 1.2902230723384507
2.12952952952953 1.3453452963148917
2.1453453453453455 1.3975457707246626
2.1611611611611616 1.4458850256279354
2.1769769769769773 1.4894665953841875
2.192792792792793 1.5274679608087496
2.208608608608609 1.559169652678882
2.224424424424425 1.5839812457525684
2.2402402402402406 1.601463092604821
2.2560560560560567 1.611342823143779
2.2718718718718725 1.61352586029636
2.287687687687688 1.6080994641991913
2.303503503503504 1.595330103504526
2.31931931931932 1.5756542490534602
2.3351351351351357 1.5496629775886706
2.3509509509509514 1.5180810470166652
2.366766766766767 1.4817413466063218
2.3825825825825833 1.441555823720928
2.398398398398399 1.3984841337938425
2.4142142142142147 1.3535013455914187
2.4300300300300304 1.3075660557550208
2.4458458458458465 1.2615902248063007
2.4616616616616622 1.21641194408921
2.477477477477478 1.1727721854002258
2.4932932932932936 1.131296380913936
2.50910910910911 1.0924814412488093
2.5249249249249255 1.0566885565659716
2.540740740740741 1.0241418528341832
2.556556556556557 0.994932706453038
2.572372372372373 0.969029268461878
2.5881881881881887 0.9462905265899741
2.6040040040040044 0.9264840496953282
2.61981981981982 0.9093064227236913
2.6356356356356363 0.8944052966125855
2.651451451451452 0.8814019491492925
2.6672672672672677 0.8699132793468904
2.6830830830830834 0.8595722362956658
2.6988988988988996 0.8500458079696587
2.7147147147147153 0.8410498582037209
2.730530530530531 0.8323602913596719
2.746346346346347 0.8238202332540657
2.762162162162163 0.8153431323425395
2.7779779779779785 0.806911895619396
2.7937937937937942 0.7985743685231288
2.8096096096096104 0.7904356378677708
2.825425425425426 0.7826477736426518
2.8412412412412418 0.7753977236649772
2.8570570570570575 0.7688941310257649
2.8728728728728736 0.7633538569140114
2.8886886886886893 0.7589889619654175
2.904504504504505 0.7559948311927221
2.9203203203203207 0.7545400261829719
2.936136136136137 0.75475832053327
2.9519519519519526 0.7567432285153836
2.9677677677677683 0.7605451814355613
2.983583583583584 0.7661713499605036
2.9993993993994 0.7735879623399382
3.015215215215216 0.7827248356971606
3.0310310310310316 0.7934817269154246
3.0468468468468473 0.8057360261512604
3.0626626626626634 0.8193512629691977
3.078478478478479 0.8341858740024757
3.094294294294295 0.850101691558012
3.1101101101101105 0.8669716526292212
3.1259259259259267 0.8846862937502901
3.1417417417417424 0.9031586841506339
3.157557557557558 0.9223275519483565
3.1733733733733738 0.9421584692957805
3.18918918918919 0.9626430759223056
3.2050050050050056 0.9837964300752549
3.2208208208208213 1.0056526756527548
3.2366366366366375 1.028259299417184
3.252452452452453 1.051670318720447
3.268268268268269 1.0759387855548577
3.2840840840840846 1.1011090156816679
3.2998998998999007 1.1272089521219695
3.3157157157157164 1.1542430517036535
3.331531531531532 1.182186044020238
3.347347347347348 1.2109778573394474
3.363163163163164 1.2405199396120032
3.3789789789789797 1.270673129057867
3.3947947947947954 1.3012571522285774
3.410610610610611 1.3320517521717425
3.4264264264264273 1.3627993791615434
3.442242242242243 1.393209314606558
3.4580580580580587 1.4229630476511916
3.4738738738738744 1.4517206852563325
3.4896896896896905 1.4791281509154406
3.505505505505506 1.5048249145299537
3.521321321321322 1.5284519954702949
3.5371371371371376 1.5496599909920157
3.5529529529529538 1.5681169009963924
3.5687687687687695 1.5835155453669825
3.584584584584585 1.595580399422805
3.600400400400401 1.6040737041288242
3.616216216216217 1.608800738560586
3.6320320320320327 1.609614171070107
3.6478478478478484 1.6064174314484354
3.663663663663664 1.5991670684463277
3.6794794794794803 1.5878740751380591
3.695295295295296 1.572604179115185
3.7111111111111117 1.5534771061004156
3.7269269269269274 1.5306648352925762
3.7427427427427435 1.504388873768838
3.7585585585585592 1.4749165867751899
3.774374374374375 1.4425566318024363
3.790190190190191 1.4076535577923783
3.806006006006007 1.3705816471080954
3.8218218218218225 1.3317380970612758
3.837637637637638 1.291535659376577
3.8534534534534544 1.2503948790814259
3.86926926926927 1.2087360976150587
3.8850850850850858 1.1669714067956898
3.9009009009009015 1.1254967587987244
3.9167167167167176 1.0846844505406361
3.9325325325325333 1.0448762069794968
3.948348348348349 1.0063770852299103
3.9641641641641647 0.9694504088442985
3.979979979979981 0.9343139184630307
3.9957957957957966 0.9011372912439878
4.011611611611612 0.8700411377006319
4.027427427427428 0.8410975321654166
4.043243243243244 0.8143320740819111
4.059059059059059 0.7897274143313864
4.074874874874875 0.7672281168934676
4.090690690690691 0.7467466646937164
4.106506506506507 0.7281703629687095
4.122322322322323 0.7113688472317303
4.138138138138139 0.6962018689703409
4.1539539539539545 0.6825270130375021
4.16976976976977 0.670206998082733
4.185585585585586 0.6591162262235108
4.2014014014014025 0.6491462804400319
4.217217217217218 0.6402101168536996
4.233033033033034 0.6322447621095296
4.24884884884885 0.625212400615226
4.264664664664665 0.6190998187232324
4.280480480480481 0.6139162588300996
4.296296296296297 0.6096898212167843
4.312112112112113 0.6064626305802034
4.327927927927929 0.6042850531058375
4.343743743743745 0.6032093045448055
4.35955955955956 0.6032828267225172
4.375375375375376 0.6045418267639553
4.391191191191192 0.6070053686919354
4.4070070070070075 0.6106703807401612
4.422822822822823 0.6155078947459516
4.43863863863864 0.6214607685639504
4.4544544544544555 0.6284430618797527
4.470270270270271 0.6363411443348538
4.486086086086087 0.6450165174374507
4.501901901901903 0.6543102336966816
4.517717717717718 0.6640487032841522
4.533533533533534 0.674050595621078
4.54934934934935 0.6841344754508507
4.565165165165166 0.6941267642529088
4.580980980980982 0.7038695913357214
4.596796796796798 0.713228096458854
4.6126126126126135 0.7220967678899692
4.628428428428429 0.730404445535834
4.644244244244245 0.7381176859796827
4.660060060060061 0.7452422714502376
4.675875875875876 0.7518227434163485
4.691691691691693 0.7579399483016587
4.707507507507509 0.7637066918747254
4.723323323323324 0.7692617041201528
4.73913913913914 0.7747622119050912
4.754954954954956 0.7803754970713023
4.770770770770771 0.7862698780461246
4.786586586586587 0.7926055900800872
4.802402402402404 0.7995260504655484
4.818218218218219 0.8071499796705172
4.834034034034035 0.815564807818938
4.849849849849851 0.8248217304105194
4.8656656656656665 0.8349326910068287
4.881481481481482 0.8458694664017037
4.897297297297298 0.8575649170588302
4.913113113113114 0.8699163484800078
4.92892892892893 0.8827908140931578
4.944744744744746 0.8960320835766052
4.960560560560562 0.909468908194909
4.976376376376377 0.9229241418793036
4.992192192192193 0.9362242275569829
5.008008008008009 0.9492085354446552
5.023823823823824 0.9617380450498364
5.03963963963964 0.9737028953135162
5.055455455455457 0.9850283859983233
5.071271271271272 0.9956790949579344
5.087087087087088 1.0056608759303372
5.102902902902904 1.015020614568573
5.1187187187187195 1.0238437404208267
5.134534534534535 1.0322496129740069
5.150350350350351 1.0403850141334239
5.166166166166167 1.0484160814156476
5.181981981981983 1.0565191001528758
5.197797797797799 1.064870634601735
5.213613613613615 1.0736375137087515
5.22942942942943 1.0829671955148432
5.245245245245246 1.092979014403322
5.261061061061062 1.1037567687620264
5.2768768768768775 1.1153430357537666
5.292692692692694 1.1277355086944396
5.30850850850851 1.140885546037343
5.3243243243243255 1.1546990049738626
5.340140140140141 1.1690393134841646
5.355955955955957 1.1837326187371546
5.371771771771773 1.1985747432530864
5.387587587587588 1.2133395888473835
5.403403403403404 1.2277885568432154
5.419219219219221 1.2416805050208777
5.435035035035036 1.2547817395964131
5.450850850850852 1.2668755450915261
5.466666666666668 1.2777707857068992
5.482482482482483 1.2873091667578767
5.498298298298299 1.2953708205974948
5.514114114114115 1.3018779738617514
5.5299299299299305 1.306796556607519
5.545745745745747 1.3101357232120472
5.561561561561563 1.3119453637832212
5.5773773773773785 1.3123117874247643
5.593193193193194 1.311351849580783
5.60900900900901 1.3092058701508162
5.624824824824826 1.3060297434011006
5.640640640640641 1.3019866723516684
5.656456456456457 1.2972389680362428
5.672272272272274 1.2919403378971215
5.688088088088089 1.2862290489873096
5.703903903903905 1.280222293215288
5.719719719719721 1.274012007236157
5.735535535535536 1.267662313239103
5.751351351351352 1.261208653832931
5.767167167167168 1.2546585997791493
5.782982982982984 1.2479942187174111
5.7987987987988 1.2411758111895603
5.814614614614616 1.2341467515122626
5.8304304304304315 1.226839118857432
5.846246246246247 1.2191797707459842
5.862062062062063 1.2110964983861798
5.877877877877879 1.2025239110547727
5.893693693693694 1.1934087240257762
5.909509509509511 1.1837141693160584
5.925325325325327 1.1734233077201541
5.941141141141142 1.162541090486088
5.956956956956958 1.1510950952659151
5.972772772772774 1.1391349391305337
5.9885885885885894 1.1267304469506816
6.004404404404405 1.1139687220675938
6.020220220220221 1.1009503241685341
6.0360360360360374 1.0877848036168565
6.051851851851853 1.0745858700051854
6.067667667667669 1.0614664842183965
6.0834834834834846 1.048534157643019
6.0992992992993 1.035886720176484
6.115115115115116 1.0236087821377433
6.130930930930932 1.0117690666275954
6.146746746746747 1.00041873153333
6.162562562562564 0.9895907378486392
6.17837837837838 0.9793002571228888
6.194194194194195 0.9695460494758625
6.210010010010011 0.9603126882783014
6.225825825825827 0.9515734614151973
6.2416416416416425 0.9432937445022859
6.257457457457458 0.9354346202431079
6.273273273273275 0.9279565111791914
6.2890890890890905 0.9208226004103377
6.304904904904906 0.9140018356032213
6.320720720720722 0.9074713441397468
6.336536536536538 0.9012181292904076
6.352352352352353 0.895239966027625
6.368168168168169 0.8895454673820814
6.383983983983985 0.8841533448173966
6.399799799799801 0.8790909357449678
6.415615615615617 0.8743921150672159
6.431431431431433 0.8700947429982656
6.447247247247248 0.8662378264123238
6.463063063063064 0.8628585843350232
6.47887887887888 0.8599896093849045
6.4946946946946955 0.8576563062103979
6.510510510510511 0.8558747661981224
6.526326326326328 0.8546502065507886
6.5421421421421435 0.8539760633895181
6.557957957957959 0.8538337853687552
6.573773773773775 0.8541933291818575
6.589589589589591 0.8550143141241588
6.605405405405406 0.8562477522971184
6.621221221221222 0.857838236533698
6.637037037037038 0.8597264417299836
6.652852852852854 0.8618517784704836
6.66866866866867 0.864155031502565
6.684484484484486 0.8665808199538436
6.700300300300301 0.8690797307353516
6.716116116116117 0.87161000024856
6.731931931931933 0.8741386506836861
6.7477477477477485 0.8766420237897469
6.763563563563564 0.8791056946390595
6.779379379379381 0.8815237880726919
6.7951951951951965 0.8838977586756794
6.811011011011012 0.8862347289283499
6.826826826826828 0.8885455075522208
6.842642642642644 0.8908424293802362
6.858458458458459 0.8931371682158524
6.874274274274275 0.8954386745693299
6.890090090090092 0.8977513809445937
6.905905905905907 0.9000737991626427
6.921721721721723 0.9023976082601751
6.937537537537539 0.9047072994724757
6.9533533533533545 0.9069804087323352
6.96916916916917 0.9091883292549486
6.984984984984986 0.9112976594833033
7.000800800800802 0.9132720072339151
7.016616616616618 0.9150741414077826
7.032432432432434 0.9166683598940076
7.04824824824825 0.9180229276461486
7.064064064064065 0.9191124332037276
7.079879879879881 0.9199199154642089
7.095695695695697 0.9204386250238519
7.111511511511512 0.9206733050992472
7.127327327327328 0.9206409046296631
7.143143143143145 0.9203706689550636
7.15895895895896 0.9199035894800375
7.174774774774776 0.9192912308090606
7.190590590590592 0.9185939897689147
7.2064064064064075 0.9178788734035748
7.222222222222223 0.9172169105330856
7.238038038038039 0.9166803322330856
7.253853853853855 0.9163396694526023
7.269669669669671 0.9162609202601557
7.285485485485487 0.9165029347211961
7.301301301301303 0.9171151525096394
7.317117117117118 0.9181358078789497
7.332932932932934 0.919590689833941
7.34874874874875 0.9214925138765201
7.364564564564565 0.9238409274225688
7.380380380380382 0.926623135916951
7.396196196196198 0.9298151028406246
7.412012012012013 0.9333832461372871
7.427827827827829 0.9372865278019087
7.443643643643645 0.9414788138735277
7.4594594594594605 0.9459113698744188
7.475275275275276 0.950535352409924
7.491091091091092 0.9553041612925142
7.5069069069069085 0.9601755278188155
7.522722722722724 0.9651132329117936
7.53853853853854 0.9700883725630323
7.554354354354356 0.9750801158879083
7.570170170170171 0.9800759314433005
7.585985985985987 0.9850712884487056
7.601801801801803 0.9900688693926429
7.6176176176176185 0.9950773574981588
7.633433433433435 1.00010988516884
7.649249249249251 1.0051822466317752
7.6650650650650665 1.0103109886801995
7.680880880880882 1.0155114972344368
7.696696696696698 1.0207961943366648
7.712512512512514 1.0261729505306352
7.728328328328329 1.0316438020855119
7.744144144144145 1.037204042260761
7.759959959959962 1.04284173208747
7.775775775775777 1.048537650441252
7.791591591591593 1.0542656770617085
7.807407407407409 1.0599935771755877
7.823223223223224 1.0656841339401761
7.83903903903904 1.0712965562849677
7.854854854854856 1.0767880758791717
7.870670670670672 1.0821156385649324
7.886486486486488 1.0872375930031364
7.902302302302304 1.0921152824586036
7.9181181181181195 1.0967144542397584
7.933933933933935 1.1010064146285867
7.949749749749751 1.1049688742512762
7.965565565565567 1.1085864486113626
7.981381381381382 1.1118507996735254
7.997197197197199 1.1147604256404495
8.013013013013014 1.1173201261353813
8.02882882882883 1.119540187728129
8.044644644644645 1.1214353491391982
8.060460460460462 1.1230236157749653
8.076276276276277 1.1243249990067699
8.092092092092093 1.1253602566215788
8.107907907907908 1.1261497072493216
8.123723723723725 1.1267121836996299
8.139539539539541 1.1270641786533475
8.155355355355356 1.1272192218874173
8.171171171171173 1.1271875121444315
8.186986986986987 1.126975809947472
8.202802802802804 1.126587581174666
8.218618618618619 1.126023366057863
8.234434434434435 1.125281335350509
8.25025025025025 1.1243579854461727
8.266066066066067 1.12324891773667
8.281881881881882 1.1219496447571968
8.297697697697698 1.120456366709191
8.313513513513515 1.1187666665730354
8.32932932932933 1.116880079795013
8.345145145145146 1.1147985048423559
8.360960960960961 1.1125264330108282
8.376776776776778 1.1100709888952904
8.392592592592592 1.1074417860163441
8.408408408408409 1.1046506143806323
8.424224224224226 1.1017109874623856
8.44004004004004 1.0986375845790595
8.455855855855857 1.095445630408778
8.471671671671672 1.0921502561677332
8.487487487487488 1.0887658866430485
8.503303303303303 1.0853056939782446
8.51911911911912 1.0817811531444268
8.534934934934935 1.0782017258786998
8.550750750750751 1.0745746901422932
8.566566566566568 1.0709051215439893
8.582382382382383 1.0671960224300783
8.5981981981982 1.0634485841921637
8.614014014014014 1.0596625594637548
8.62982982982983 1.0558367138406626
8.645645645645645 1.0519693220075728
8.661461461461462 1.0480586709599065
8.677277277277279 1.0441035334746485
8.693093093093093 1.040103578023298
8.70890890890891 1.036059686679274
8.724724724724725 1.0319741598428867
8.740540540540541 1.0278507952582792
8.756356356356356 1.023694838211567
8.772172172172173 1.0195128093170518
8.787987987987988 1.0153122252594755
8.803803803803804 1.0111012356501126
8.81961961961962 1.006888205244238
8.835435435435436 1.0026812747477942
8.851251251251252 0.9984879350488663
8.867067067067067 0.9943146488437616
8.882882882882884 0.9901665503547359
8.898698698698698 0.9860472483854056
8.914514514514515 0.981958750705004
8.930330330330332 0.9779015191886057
8.946146146146146 0.9738746558486633
8.961961961961963 0.9698762105033577
8.977777777777778 0.9659035919753322
8.993593593593594 0.9619540570009791
9.00940940940941 0.9580252449814695
9.025225225225226 0.9541157227388372
9.041041041041042 0.9502255018343898
9.056856856856857 0.9463564918886522
9.072672672672674 0.9425128566758533
9.088488488488489 0.93870124535515
9.104304304304305 0.9349308787014378
9.12012012012012 0.9312134791413146
9.135935935935937 0.927563043219589
9.151751751751751 0.9239954651944519
9.167567567567568 0.9205280301410818
9.183383383383385 0.9171788036115794
9.1991991991992 0.9139659519919826
9.215015015015016 0.9109070327496814
9.230830830830831 0.9080182964377044
9.246646646646647 0.9053140424245979
9.262462462462462 0.9028060678183492
9.278278278278279 0.9005032440803522
9.294094094094095 0.898411248665455
9.30990990990991 0.8965324700979378
9.325725725725727 0.8948660947330522
9.341541541541542 0.893408372669745
9.357357357357358 0.8921530495232651
9.373173173173173 0.8910919406881413
9.38898898898899 0.8902156159349701
9.404804804804806 0.8895141552246821
9.420620620620621 0.8889779319184908
9.436436436436438 0.888598377402962
9.452252252252253 0.8883686816776548
9.468068068068069 0.8882843876473266
9.483883883883884 0.8883438425426895
9.4996996996997 0.8885484777364716
9.515515515515515 0.8889028977708185
9.531331331331332 0.8894147701135937
9.547147147147149 0.8900945183940938
9.562962962962963 0.8909548329828513
9.57877877877878 0.892010023134671
9.594594594594595 0.8932752439150092
9.610410410410411 0.8947656382652921
9.626226226226226 0.8964954394320643
9.642042042042043 0.898477081321242
9.65785785785786 0.9007203640237492
9.673673673673674 0.9032317188279316
9.68948948948949 0.9060136116728631
9.705305305305306 0.9090641165282014
9.721121121121122 0.9123766810509288
9.736936936936937 0.9159400965973575
9.752752752752754 0.9197386738485085
9.768568568568568 0.923752614549453
9.784384384384385 0.9279585597668404
9.800200200200202 0.932330286184479
9.816016016016016 0.9368395147571268
9.831831831831833 0.9414567908956388
9.847647647647648 0.9461523925067968
9.863463463463464 0.9508972217675886
9.87927927927928 0.9556636384464858
9.895095095095096 0.9604261967295391
9.910910910910912 0.96516225358116
9.926726726726727 0.9698524242806302
9.942542542542544 0.9744808694605788
9.958358358358359 0.9790354072197084
9.974174174174175 0.9835074531584405
9.98998998998999 0.9878917999764881
10.005805805805807 0.9921862561031386
10.021621621621623 0.9963911693015176
10.037437437437438 1.0005088659862575
10.053253253253255 1.0045430399152304
10.06906906906907 1.0084981248712555
10.084884884884886 1.012378684966479
10.1007007007007 1.0161888534190247
10.116516516516517 1.019931846306234
10.132332332332332 1.0236095722102754
10.148148148148149 1.0272223522184556
10.163963963963965 1.0307687578350955
10.17977977977978 1.0342455674257107
10.195595595595597 1.037647835251511
10.211411411411412 1.0409690613261273
10.227227227227228 1.0442014455387991
10.243043043043043 1.0473362059636258
10.25885885885886 1.0503639391499415
10.274674674674676 1.0532749995089639
10.290490490490491 1.0560598756301947
10.306306306306308 1.0587095433469862
10.322122122122122 1.061215778421439
10.337937937937939 1.063571415575484
10.353753753753754 1.0657705449615744
10.36956956956957 1.0678086417305244
10.385385385385387 1.0696826288076338
10.401201201201202 1.071390877047815
10.417017017017018 1.0729331503640986
10.432832832832833 1.0743105060257354
10.44864864864865 1.0755251619820132
10.464464464464465 1.0765803437365882
10.480280280280281 1.0774801229966804
10.496096096096096 1.0782292591404452
10.511911911911913 1.0788330526308108
10.52772772772773 1.0792972170468358
10.543543543543544 1.0796277736263535
10.55935935935936 1.0798309693518635
10.575175175175175 1.0799132168973697
10.590990990990992 1.0798810523990163
10.606806806806807 1.0797411051943977
10.622622622622623 1.0795000725253074
10.63843843843844 1.0791646917929199
10.654254254254255 1.0787417033105269
10.670070070070071 1.0782377975756738
10.685885885885886 1.0776595427847073
10.701701701701703 1.077013290495223
10.717517517517518 1.0763050598266162
10.733333333333334 1.0755404031742208
10.749149149149149 1.074724258888886
10.764964964964966 1.0738607985392383
10.780780780780782 1.0729532780480437
10.796596596596597 1.072003903031546
10.812412412412414 1.071013718970995
10.828228228228229 1.069982536360573
10.844044044044045 1.0689088997131526
10.85985985985986 1.0677901073277363
10.875675675675677 1.0666222861442851
10.891491491491493 1.0654005229908559
10.907307307307308 1.064119050255527
10.923123123123125 1.0627714807027802
10.93893893893894 1.0613510830182422
10.954754754754756 1.0598510869159443
10.97057057057057 1.0582650044651438
10.986386386386387 1.0565869528409757
11.002202202202204 1.054811963081461
11.018018018018019 1.0529362596971505
11.033833833833835 1.0509574971275277
11.04964964964965 1.0488749410127038
11.065465465465467 1.046689584940118
11.081281281281282 1.0444041965785686
11.097097097097098 1.0420232907351692
11.112912912912913 1.0395530306506393
11.12872872872873 1.0370010625608423
11.144544544544546 1.034376291978387
11.160360360360361 1.0316886130863443
11.176176176176178 1.0289486049166094
11.191991991991992 1.0261672094793668
11.207807807807809 1.0233554076379072
11.223623623623624 1.0205239082588624
11.23943943943944 1.0176828650406589
11.255255255255257 1.0148416335141068
11.271071071071072 1.0120085781464934
11.286886886886888 1.0091909364304505
11.302702702702703 1.0063947434943021
11.31851851851852 1.003624817339045
11.334334334334335 1.0008848014972922
11.350150150150151 0.9981772589178025
11.365965965965968 0.9955038083778154
11.381781781781783 0.9928652928513623
11.3975975975976 0.9902619681092225
11.413413413413414 0.9876936994410543
11.42922922922923 0.9851601547681054
11.445045045045045 0.9826609835025346
11.460860860860862 0.9801959722090035
11.476676676676677 0.977765170301021
11.492492492492493 0.9753689814962082
11.50830830830831 0.973008219382742
11.524124124124125 0.9706841280312126
11.539939939939941 0.9683983709478357
11.555755755755756 0.966152993651946
11.571571571571573 0.963950366648391
11.587387387387388 0.9617931164669694
11.603203203203204 0.9596840527124526
11.61901901901902 0.9576260987112982
11.634834834834836 0.9556222324005428
11.650650650650652 0.953675442666832
11.666466466466467 0.9517887045293725
11.682282282282284 0.9499649745152818
11.698098098098098 0.9482072054597496
11.713913913913915 0.9465183779402814
11.72972972972973 0.9449015437798431
11.745545545545546 0.9433598756645284
11.761361361361363 0.9418967160256774
11.777177177177178 0.9405156180061659
11.792992992992994 0.9392203715968612
11.80880880880881 0.9380150088796078
11.824624624624626 0.9369037836926163
11.84044044044044 0.9358911228490474
11.856256256256257 0.9349815481635735
11.872072072072074 0.934179570824692
11.887887887887889 0.9334895619287584
11.903703703703705 0.9329156050990539
11.91951951951952 0.9324613388927379
11.935335335335337 0.9321297980133142
11.951151151151151 0.9319232630890706
11.966966966966968 0.9318431288789267
11.982782782782785 0.9318898001990488
11.9985985985986 0.9320626236442454
12.014414414414416 0.9323598613698572
12.03023023023023 0.9327787109057923
12.046046046046047 0.9333153723324151
12.061861861861862 0.9339651613219634
12.077677677677679 0.9347226637184053
12.093493493493494 0.9355819246763959
12.10930930930931 0.9365366630814703
12.125125125125127 0.9375805001844504
12.140940940940942 0.9387071902288717
12.156756756756758 0.9399108404181536
12.172572572572573 0.9411861079016659
12.18838838838839 0.9425283625502459
12.204204204204204 0.9439338060882762
12.220020020020021 0.9453995405520376
12.235835835835838 0.9469235819138736
12.251651651651652 0.9485048178788109
12.267467467467469 0.9501429121337964
12.283283283283284 0.9518381605098661
12.2990990990991 0.9535913074080343
12.314914914914915 0.9554033332600242
12.330730730730732 0.9572752255920541
12.346546546546548 0.959207747317658
12.362362362362363 0.9612012161326261
12.37817817817818 0.963255308299545
12.393993993993995 0.9653688987202468
12.409809809809811 0.9675399470804553
12.425625625625626 0.9697654371357519
12.441441441441443 0.9720413730530443
12.457257257257258 0.9743628333160689
12.473073073073074 0.9767240792525078
12.48888888888889 0.9791187119529758
12.504704704704706 0.9815398684282701
12.520520520520522 0.9839804454690309
12.536336336336337 0.9864333379770549
12.552152152152154 0.9888916776340559
12.567967967967968 0.9913490577177602
12.583783783783785 0.9937997306715676
12.599599599599602 0.9962387666353453
12.615415415415416 0.9986621634552596
12.631231231231233 1.0010669015707245
12.647047047047048 1.0034509404529988
12.662862862862864 1.005813156745288
12.67867867867868 1.0081532277191985
12.694494494494496 1.0104714669089896
12.71031031031031 1.0127686216188325
12.726126126126127 1.0150456442504343
12.741941941941944 1.017303450935759
12.757757757757759 1.0195426816928441
12.773573573573575 1.0217634762113719
12.78938938938939 1.0239652784294737
12.805205205205207 1.0261466813452127
12.821021021021021 1.0283053211224602
12.836836836836838 1.0304378266481844
12.852652652652655 1.0325398274532607
12.86846846846847 1.0346060195180096
12.884284284284286 1.036630285149949
12.9001001001001 1.0386058600427563
12.915915915915917 1.0405255379828766
12.931731731731732 1.0423819016161446
12.947547547547549 1.044167566336683
12.963363363363365 1.04587542378577
12.97917917917918 1.0474988716733362
12.994994994994997 1.0490320176344663
13.010810810810812 1.050469846536613
13.026626626626628 1.0518083429472644
13.042442442442443 1.0530445632095842
13.05825825825826 1.0541766545833617
13.074074074074074 1.0552038220049527
13.089889889889891 1.056126246015047
13.105705705705708 1.0569449581187218
13.121521521521522 1.0576616821202276
13.137337337337339 1.0582786516869116
13.153153153153154 1.0587984154513739
13.16896896896897 1.0592236413093759
13.184784784784785 1.0595569312087645
13.200600600600602 1.05980065669138
13.216416416416418 1.0599568238261246
13.232232232232233 1.060026974072649
13.24804804804805 1.0600121251843058
13.263863863863865 1.0599127536565793
13.279679679679681 1.0597288176209352
13.295495495495496 1.0594598166381304
13.311311311311313 1.0591048827098237
13.327127127127127 1.0586628951299135
13.342942942942944 1.058132610633511
13.35875875875876 1.0575127997314357
13.374574574574575 1.0568023801613566
13.390390390390392 1.0560005390227607
13.406206206206207 1.055106836332992
13.422022022022023 1.0541212843531211
13.437837837837838 1.0530443989656466
13.453653653653655 1.0518772215023997
13.469469469469471 1.050621311572473
13.485285285285286 1.0492787134789638
13.501101101101103 1.0478519006024936
13.516916916916918 1.0463437035507608
13.532732732732734 1.0447572288355729
13.548548548548549 1.0430957752832792
13.564364364364366 1.0413627552889013
13.580180180180182 1.039561627403413
13.595995995995997 1.0376958456484524
13.611811811811814 1.035768829466394
13.627627627627628 1.0337839564456703
13.643443443443445 1.0317445780399155
13.65925925925926 1.0296540565633283
13.675075075075076 1.0275158199326866
13.690890890890891 1.0253334290690626
13.706706706706708 1.0231106516821733
13.722522522522524 1.0208515354250696
13.73833833833834 1.0185604731828817
13.754154154154156 1.0162422535680862
13.76996996996997 1.0139020905211127
13.785785785785787 1.011545627208324
13.801601601601602 1.0091789110863993
13.817417417417419 1.0068083389527647
13.833233233233235 1.0044405728961168
13.84904904904905 1.0020824301581108
13.864864864864867 0.9997407518738939
13.880680680680682 0.9974222573398727
13.896496496496498 0.9951333917429473
13.912312312312313 0.9928801760821264
13.92812812812813 0.990668068257593
13.943943943943946 0.9885018439660825
13.959759759759761 0.9863855051345944
13.975575575575578 0.9843222221941778
13.991391391391392 0.9823143146236379
14.007207207207209 0.9803632719911284
14.023023023023024 0.9784698153242444
14.03883883883884 0.9766339961953541
14.054654654654655 0.9748553285725845
14.070470470470472 0.9731329464073855
14.086286286286288 0.9714657782420498
14.102102102102103 0.9698527289369527
14.11791791791792 0.9682928580193775
14.133733733733735 0.9667855441895584
14.149549549549551 0.9653306261919412
14.165365365365366 0.9639285115378442
14.181181181181183 0.9625802463787144
14.196996996997 0.9612875420721683
14.212812812812814 0.9600527565233067
14.22862862862863 0.9588788310691257
14.244444444444445 0.9577691863415154
14.260260260260262 0.956727583031296
14.276076076076077 0.9557579556286881
14.291891891891893 0.9548642289004573
14.307707707707708 0.9540501279743334
14.323523523523525 0.9533189933651105
14.339339339339341 0.9526736120610327
14.355155155155156 0.9521160749018628
14.370970970970973 0.9516476689704954
14.386786786786788 0.9512688116754262
14.402602602602604 0.9509790307420087
14.418418418418419 0.9507769916023021
14.434234234234236 0.950660570839413
14.450050050050052 0.9506269715727742
14.465865865865867 0.9506728741327435
14.481681681681684 0.9507946132199686
14.497497497497498 0.9509883711081927
14.513313313313315 0.9512503754289718
14.52912912912913 0.951577089736827
14.544944944944946 0.9519653854166376
14.560760760760763 0.9524126845425135
14.576576576576578 0.9529170649688202
14.592392392392394 0.9534773211319828
14.60820820820821 0.9540929766369771
14.624024024024026 0.9547642475420881
14.63983983983984 0.9554919581718484
14.655655655655657 0.9562774141087188
14.671471471471472 0.9571222395722611
14.687287287287289 0.9580281885390933
14.703103103103105 0.9589969405610735
14.71891891891892 0.9600298932082558
14.734734734734737 0.9611279633399867
14.750550550550551 0.9622914089757173
14.766366366366368 0.9635196824219632
14.782182182182183 0.9648113235786163
14.797997997998 0.9661639000977733
14.813813813813816 0.9675739984324648
14.82962962962963 0.9690372669442465
14.845445445445447 0.9705485093034795
14.861261261261262 0.9721018235832474
14.877077077077079 0.9736907798794
14.892892892892894 0.9753086271308984
14.90870870870871 0.9769485181876588
14.924524524524527 0.97860374116692
14.940340340340342 0.980267944806909
14.956156156156158 0.9819353458820501
14.971971971971973 0.9836009077613814
14.98778778778779 0.9852604808077579
15.003603603603604 0.986910897432784
15.019419419419421 0.9885500171167396
15.035235235235236 0.9901767194295368
15.051051051051052 0.9917908458922808
15.066866866866869 0.993393094241368
15.082682682682684 0.9949848711474871
15.0984984984985 0.9965681115651625
15.114314314314315 0.9981450745326049
15.130130130130132 0.9997181263238559
15.145945945945947 1.0012895223261544
15.161761761761763 1.0028611988614828
15.17757757757758 1.0044345854143097
15.193393393393395 1.0060104464233377
15.209209209209211 1.0075887600288815
15.225025025025026 1.0091686390487657
15.240840840840843 1.010748297110901
15.256656656656657 1.0123250604359213
15.272472472472474 1.0138954233757418
15.288288288288289 1.0154551436041832
15.304104104104105 1.016999370940498
15.319919919919922 1.0185228022618054
15.335735735735737 1.0200198538969307
15.351551551551553 1.021484842334041
15.367367367367368 1.0229121640296601
15.383183183183185 1.0242964655592366
15.398998998999 1.0256327962536194
15.414814814814816 1.026916736751809
15.430630630630633 1.0281444984792127
15.446446446446448 1.0293129908303305
15.462262262262264 1.0304198546867063
15.47807807807808 1.0314634627266088
15.493893893893896 1.0324428886804295
15.50970970970971 1.033357849165687
15.525525525525527 1.0342086229256402
15.541341341341344 1.034995953144394
15.557157157157159 1.035720938990605
15.572972972972975 1.0363849226466417
15.58878878878879 1.036989377828238
15.604604604604607 1.037535805229762
15.620420420420421 1.0380256394977156
15.636236236236238 1.0384601713082604
15.652052052052053 1.0388404869794197
15.66786786786787 1.03916742686363
15.683683683683686 1.0394415626173723
15.6994994994995 1.0396631924000865
15.715315315315317 1.0398323521714385
15.731131131131132 1.039948840576634
15.746946946946949 1.040012254459703
15.762762762762764 1.040022031832999
15.77857857857858 1.039977499149178
15.794394394394397 1.0398779199459145
15.810210210210212 1.0397225423270273
15.826026026026028 1.039510643260579
15.841841841841843 1.0392415682632508
15.85765765765766 1.0389147656477309
15.873473473473474 1.0385298150853037
15.889289289289291 1.0380864507347123
15.905105105105108 1.0375845795753162
15.920920920920922 1.037024295833712
15.936736736736739 1.0364058924972432
15.952552552552554 1.0357298708673623
15.96836836836837 1.0349969489352142
15.984184184184185 1.034208069086719
16.0 1.033364405298889