0.2 0.06270379818791927
0.21581581581581583 0.05317113814563745
0.23163163163163164 0.04495018115313465
0.24744744744744746 0.0381899089071045
0.26326326326326327 0.03298075205110673
0.2790790790790791 0.029353826631219326
0.29489489489489495 0.027282553473112592
0.31071071071071077 0.026686500350889042
0.3265265265265266 0.02743719680358314
0.3423423423423424 0.029365597431065593
0.3581581581581582 0.032270814465835906
0.373973973973974 0.03592970621298175
0.38978978978978984 0.04010689519810873
0.40560560560560566 0.0445647979702235
0.42142142142142147 0.04907327575011444
0.4372372372372373 0.053418558786436754
0.4530530530530531 0.057411153890914224
0.4688688688688689 0.06089251014155961
0.48468468468468473 0.06374028787087549
0.5005005005005005 0.06587214650653461
0.5163163163163164 0.06724803359588194
0.5321321321321322 0.06787101693509712
0.547947947947948 0.06778675137495493
0.5637637637637638 0.06708170969499117
0.5795795795795797 0.06588033199142451
0.5953953953953954 0.06434126035272758
0.6112112112112114 0.06265282617036794
0.6270270270270271 0.06102794803877676
0.642842842842843 0.05969858127799488
0.6586586586586587 0.058909838548148574
0.6744744744744746 0.058913877906622836
0.6902902902902903 0.05996363303370633
0.7061061061061062 0.062306442980776144
0.721921921921922 0.06617762792862558
0.7377377377377379 0.07179405464108313
0.7535535535535536 0.07934774129276834
0.7693693693693695 0.08899956597171788
0.7851851851851852 0.10087316533238444
0.8010010010010011 0.11504913767977676
0.8168168168168168 0.1315596955567978
0.8326326326326328 0.1503839434993336
0.8484484484484485 0.1714439835200997
0.8642642642642644 0.19460207053170853
0.8800800800800801 0.2196590489902931
0.895895895895896 0.24635429769021577
0.9117117117117117 0.27436738975966446
0.9275275275275277 0.3033216383299777
0.9433433433433434 0.332789645005385
0.9591591591591593 0.36230089924999953
0.9749749749749752 0.39135139442868994
0.9907907907907909 0.41941513390053853
1.0066066066066068 0.4459573026539372
1.0224224224224225 0.4704487816340386
1.0382382382382385 0.49238158877043403
1.0540540540540542 0.5112847485503054
1.06986986986987 0.526740026398989
1.0856856856856858 0.5383969201866479
1.1015015015015017 0.5459862830630475
1.1173173173173174 0.5493319625444841
1.1331331331331334 0.5483598819326493
1.148948948948949 0.5431040617420947
1.164764764764765 0.5337091791864202
1.1805805805805807 0.5204293895962662
1.1963963963963966 0.5036232800307101
1.2122122122122123 0.48374498605631233
1.2280280280280282 0.46133167039002
1.243843843843844 0.4369877288009001
1.2596596596596599 0.4113662459991895
1.2754754754754756 0.3851483639982314
1.2912912912912915 0.3590213399817591
1.3071071071071072 0.3336561534193956
1.3229229229229231 0.30968556781501966
1.3387387387387388 0.28768355753034913
1.3545545545545548 0.2681469730382926
1.3703703703703705 0.2514802392583825
1.3861861861861864 0.23798376396165455
1.402002002002002 0.22784658129291724
1.417817817817818 0.22114357577321553
1.4336336336336337 0.21783743278625123
1.4494494494494496 0.21778525174845653
1.4652652652652653 0.2207495478454603
1.4810810810810813 0.22641316752410956
1.496896896896897 0.23439746168215692
1.512712712712713 0.2442829076988362
1.5285285285285286 0.2556312548072891
1.5443443443443445 0.26800819283000465
1.5601601601601602 0.28100551595978995
1.5759759759759762 0.2942617728012634
1.5917917917917919 0.3074804606666931
1.6076076076076078 0.32044493318187606
1.6234234234234235 0.33302934043869303
1.6392392392392394 0.34520510311950503
1.6550550550550551 0.35704262751077986
1.670870870870871 0.368708187261643
1.6866866866866868 0.38045611961488035
1.7025025025025027 0.3926166980087141
1.7183183183183186 0.40558023919896236
1.7341341341341343 0.4197781720962257
1.7499499499499502 0.43566192946134474
1.765765765765766 0.45368061635150936
1.7815815815815819 0.4742584567385276
1.7973973973973976 0.49777302027679304
1.8132132132132135 0.5245351853620069
1.8290290290290292 0.5547717052506539
1.8448448448448451 0.5886111160664661
1.8606606606606608 0.6260735657880412
1.8764764764764768 0.6670649600259941
1.8922922922922925 0.7113756228003714
1.9081081081081084 0.7586834683800471
1.923923923923924 0.8085614833165853
1.93973973973974 0.8604891353781199
1.9555555555555557 0.9138671664932215
1.9713713713713716 0.9680350970212905
1.9871871871871873 1.0222906739617
2.0030030030030033 1.0759104394735524
2.018818818818819 1.1281705796412966
2.034634634634635 1.1783672360829767
2.050450450450451 1.2258355221040924
2.0662662662662665 1.269966576250352
2.0820820820820822 1.3102221034466743
2.0978978978978984 1.3461459904672357
2.113713713713714 1.3773727306083727
2.12952952952953 1.4036325442191637
2.1453453453453455 1.4247532294428995
2.1611611611611616 1.4406589139787125
2.1769769769769773 1.4513659976750102
2.192792792792793 1.4569766723487634
2.208608608608609 1.4576704758842576
2.224424424424425 1.453694380490644
2.2402402402402406 1.445351929703793
2.2560560560560567 1.4329919265840712
2.2718718718718725 1.4169971392846918
2.287687687687688 1.397773433635924
2.303503503503504 1.37573967040869
2.31931931931932 1.351318622869739
2.3351351351351357 1.3249290837374972
2.3509509509509514 1.2969792451977613
2.366766766766767 1.2678613563066627
2.3825825825825833 1.2379475932324617
2.398398398398399 1.2075870227472452
2.4142142142142147 1.1771035004324488
2.4300300300300304 1.1467943232586368
2.4458458458458465 1.1169294513749848
2.4616616616616622 1.0877511247874376
2.477477477477478 1.0594737248020138
2.4932932932932936 1.0322837645433514
2.50910910910911 1.0063399338529933
2.5249249249249255 0.9817731674695088
2.540740740740741 0.9586867476383545
2.556556556556557 0.9371564895179765
2.572372372372373 0.9172310867946377
2.5881881881881887 0.8989327133852785
2.6040040040040044 0.8822579834814613
2.61981981981982 0.8671793659369251
2.6356356356356363 0.8536471305990453
2.651451451451452 0.8415918750590422
2.6672672672672677 0.8309276427179467
2.6830830830830834 0.8215555999784938
2.6988988988988996 0.8133681951775422
2.7147147147147153 0.8062536781811338
2.730530530530531 0.8001008209383923
2.746346346346347 0.7948036489904066
2.762162162162163 0.7902659746754179
2.7779779779779785 0.7864055165422628
2.7937937937937942 0.7831573973712603
2.8096096096096104 0.7804768353174019
2.825425425425426 0.7783408781427729
2.8412412412412418 0.7767490774409403
2.8570570570570575 0.7757230554706909
2.8728728728728736 0.7753049783201016
2.8886886886886893 0.7755550117547167
2.904504504504505 0.7765478961858036
2.9203203203203207 0.7783688306947835
2.936136136136137 0.7811088992543741
2.9519519519519526 0.7848603020535556
2.9677677677677683 0.7897116688120466
2.983583583583584 0.7957437277757605
2.9993993993994 0.8030255834122649
3.015215215215216 0.8116118184950538
3.0310310310310316 0.8215405841990543
3.0468468468468473 0.8328327779540603
3.0626626626626634 0.8454923368879488
3.078478478478479 0.8595075991323268
3.094294294294295 0.8748536108159566
3.1101101101101105 0.8914951880621576
3.1259259259259267 0.909390485329491
3.1417417417417424 0.9284947780577946
3.157557557557558 0.9487641420766603
3.1733733733733738 0.9701587068535562
3.18918918918919 0.9926451754700064
3.2050050050050056 1.0161983409977782
3.2208208208208213 1.040801385178026
3.2366366366366375 1.066444818211335
3.252452452452453 1.0931240041585835
3.268268268268269 1.1208353101358521
3.2840840840840846 1.1495710137217003
3.2998998998999007 1.1793131960075653
3.3157157157157164 1.2100269317383288
3.331531531531532 1.2416531575812415
3.347347347347348 1.2741016499730384
3.363163163163164 1.3072445714456613
3.3789789789789797 1.3409110462584009
3.3947947947947954 1.3748832014070351
3.410610610610611 1.4088940579806897
3.4264264264264273 1.4426275822583436
3.442242242242243 1.4757211091944182
3.4580580580580587 1.5077702376495439
3.4738738738738744 1.5383361725562614
3.4896896896896905 1.5669553606166815
3.505505505505506 1.5931511399785174
3.521321321321322 1.6164470075426074
3.5371371371371376 1.6363810066953424
3.5529529529529538 1.6525206591991846
3.5687687687687695 1.664477812530851
3.584584584584585 1.671922751613998
3.600400400400401 1.6745969335887898
3.616216216216217 1.6723237462540173
3.6320320320320327 1.6650167636503994
3.6478478478478484 1.6526850728055535
3.663663663663664 1.6354353692952
3.6794794794794803 1.613470660070793
3.695295295295296 1.5870855630604943
3.7111111111111117 1.5566583468486628
3.7269269269269274 1.5226400025372486
3.7427427427427435 1.4855407761390498
3.7585585585585592 1.4459147065905393
3.774374374374375 1.4043428057118843
3.790190190190191 1.3614155774868144
3.806006006006007 1.3177156017339895
3.8218218218218225 1.273800900161391
3.837637637637638 1.2301897612998771
3.8534534534534544 1.1873476270442498
3.86926926926927 1.1456765412986871
3.8850850850850858 1.10550753579847
3.9009009009009015 1.067096186012157
3.9167167167167176 1.0306214184029119
3.9325325325325333 0.9961874969759376
3.948348348348349 0.9638289697263138
3.9641641641641647 0.9335182217160688
3.979979979979981 0.9051751676722296
3.9957957957957966 0.8786785287178264
4.011611611611612 0.853878079238238
4.027427427427428 0.830607223456987
4.043243243243244 0.8086952678391768
4.059059059059059 0.7879787940047036
4.074874874874875 0.7683116047913898
4.090690690690691 0.7495728093220664
4.106506506506507 0.7316727259897216
4.122322322322323 0.7145564088074373
4.138138138138139 0.6982047355937591
4.1539539539539545 0.6826331287760032
4.16976976976977 0.667888104160822
4.185585585585586 0.6540419533593275
4.2014014014014025 0.6411859560717379
4.217217217217218 0.629422584724976
4.233033033033034 0.6188572030105597
4.24884884884885 0.6095897702286589
4.264664664664665 0.6017070451446984
4.280480480480481 0.5952757380079874
4.296296296296297 0.5903369906104246
4.312112112112113 0.58690247616367
4.327927927927929 0.5849523087104395
4.343743743743745 0.5844348417888237
4.35955955955956 0.5852683244839707
4.375375375375376 0.5873442761334893
4.391191191191192 0.5905323447132966
4.4070070070070075 0.5946863335150778
4.422822822822823 0.5996510203368421
4.43863863863864 0.6052693560342061
4.4544544544544555 0.6113896165537724
4.470270270270271 0.617872094697286
4.486086086086087 0.624594953639803
4.501901901901903 0.6314589211213613
4.517717717717718 0.6383905775703045
4.533533533533534 0.6453440785929259
4.54934934934935 0.6523012470251315
4.565165165165166 0.6592700664943907
4.580980980980982 0.6662817015749094
4.596796796796798 0.6733862538289085
4.6126126126126135 0.6806475336046885
4.628428428428429 0.6881371805581027
4.644244244244245 0.6959284986914316
4.660060060060061 0.7040903826809275
4.675875875875876 0.712681701086284
4.691691691691693 0.721746469671044
4.707507507507509 0.7313100966811306
4.723323323323324 0.741376914755977
4.73913913913914 0.7519291352682854
4.754954954954956 0.7629272750026872
4.770770770770771 0.7743120172255019
4.786586586586587 0.7860073844477694
4.802402402402404 0.7979250233775559
4.818218218218219 0.8099693380150685
4.834034034034035 0.8220431581308916
4.849849849849851 0.8340536001029752
4.8656656656656665 0.8459177668094643
4.881481481481482 0.8575679433655308
4.897297297297298 0.868955975176855
4.913113113113114 0.880056562183944
4.92892892892893 0.8908692654350224
4.944744744744746 0.9014190955914164
4.960560560560562 0.9117556333921113
4.976376376376377 0.9219507148977585
4.992192192192193 0.9320947948362859
5.008008008008009 0.9422921751056351
5.023823823823824 0.9526553484117662
5.03963963963964 0.9632987557439397
5.055455455455457 0.974332288360912
5.071271271271272 0.9858548785919719
5.087087087087088 0.9979485184952839
5.102902902902904 1.0106730217655728
5.1187187187187195 1.024061803755487
5.134534534534535 1.0381188994903146
5.150350350350351 1.0528173732942065
5.166166166166167 1.0680991998585163
5.181981981981983 1.0838766193737894
5.197797797797799 1.1000348929413621
5.213613613613615 1.1164363129887849
5.22942942942943 1.132925260606304
5.245245245245246 1.1493340508299148
5.261061061061062 1.1654892704423112
5.2768768768768775 1.1812182925362065
5.292692692692694 1.1963556486659925
5.30850850850851 1.2107489527518709
5.3243243243243255 1.224264099939245
5.340140140140141 1.2367895064719996
5.355955955955957 1.2482392107229252
5.371771771771773 1.2585547177017888
5.387587587587588 1.2677055361325356
5.403403403403404 1.2756884248939269
5.419219219219221 1.2825254306322293
5.435035035035036 1.2882608572984628
5.450850850850852 1.292957358271421
5.466666666666668 1.2966913802047941
5.482482482482483 1.2995482130698404
5.498298298298299 1.301616912100482
5.514114114114115 1.302985354321271
5.5299299299299305 1.3037356756618188
5.545745745745747 1.3039403056647167
5.561561561561563 1.303658777433009
5.5773773773773785 1.3029354431913902
5.593193193193194 1.301798173453884
5.60900900900901 1.3002580632840026
5.624824824824826 1.29831011549833
5.640640640640641 1.2959348207455454
5.656456456456457 1.2931005107304088
5.672272272272274 1.2897663255526195
5.688088088088089 1.2858856107652459
5.703903903903905 1.2814095452952508
5.719719719719721 1.2762907981435765
5.735535535535536 1.2704870194984872
5.751351351351352 1.2639639896679475
5.767167167167168 1.2566982756611071
5.782982982982984 1.248679278502217
5.7987987987988 1.2399105923177665
5.814614614614616 1.2304106366042011
5.8304304304304315 1.2202125635294374
5.846246246246247 1.209363480414476
5.862062062062063 1.1979230616693894
5.877877877877879 1.1859616527327042
5.893693693693694 1.1735579897029311
5.909509509509511 1.1607966715356781
5.925325325325327 1.147765526578072
5.941141141141142 1.1345530119789793
5.956956956956958 1.1212457737598136
5.972772772772774 1.1079264780681224
5.9885885885885894 1.0946720017009204
6.004404404404405 1.0815520439454889
6.020220220220221 1.0686281938417626
6.0360360360360374 1.0559534588480282
6.051851851851853 1.0435722342399263
6.067667667667669 1.0315206688716727
6.0834834834834846 1.0198273634093185
6.0992992992993 1.0085143227298103
6.115115115115116 0.9975980754374684
6.130930930930932 0.9870908705836499
6.146746746746747 0.9770018645249734
6.162562562562564 0.9673382189225055
6.17837837837838 0.9581060433790715
6.194194194194195 0.9493111321138583
6.210010010010011 0.940959462203811
6.225825825825827 0.9330574400212219
6.2416416416416425 0.92561190130832
6.257457457457458 0.9186298876718908
6.273273273273275 0.9121182371198733
6.2890890890890905 0.9060830377671492
6.304904904904906 0.9005290014252668
6.320720720720722 0.895458817148669
6.336536536536538 0.8908725439061607
6.352352352352353 0.8867670966197179
6.368168168168169 0.8831358713471182
6.383983983983985 0.8799685440694601
6.399799799799801 0.8772510642231458
6.415615615615617 0.8749658497281929
6.431431431431433 0.8730921757847102
6.447247247247248 0.8716067360831327
6.463063063063064 0.8704843431616913
6.47887887887888 0.869698725170799
6.4946946946946955 0.8692233698162132
6.510510510510511 0.869032363094236
6.526326326326328 0.8691011707271529
6.5421421421421435 0.869407313860606
6.557957957957959 0.8699308972952973
6.573773773773775 0.8706549578108262
6.589589589589591 0.8715656113713486
6.605405405405406 0.8726519904501103
6.621221221221222 0.87390597558696
6.637037037037038 0.875321737808404
6.652852852852854 0.8768951199451185
6.66866866866867 0.878622894515028
6.684484484484486 0.8805019431625878
6.700300300300301 0.8825284072700488
6.716116116116117 0.8846968610674382
6.731931931931933 0.8869995573250549
6.7477477477477485 0.8894257916493179
6.763563563563564 0.8919614248133071
6.779379379379381 0.8945885938676268
6.7951951951951965 0.8972856325323606
6.811011011011012 0.9000272101754689
6.826826826826828 0.902784687179106
6.842642642642644 0.9055266733202568
6.858458458458459 0.9082197655416635
6.874274274274275 0.9108294326853413
6.890090090090092 0.9133210078257029
6.905905905905907 0.9156607440741092
6.921721721721723 0.9178168873016765
6.937537537537539 0.9197607191776381
6.9533533533533545 0.9214675261515615
6.96916916916917 0.9229174543061881
6.984984984984986 0.9240962160606002
7.000800800800802 0.9249956221210348
7.016616616616618 0.9256139204184176
7.032432432432434 0.9259559325739415
7.04824824824825 0.9260329872371226
7.064064064064065 0.9258626580143314
7.079879879879881 0.9254683212704071
7.095695695695697 0.9248785555305896
7.111511511511512 0.9241264093040044
7.127327327327328 0.9232485677496117
7.143143143143145 0.9222844506549752
7.15895895895896 0.9212752747249648
7.174774774774776 0.9202631122837318
7.190590590590592 0.9192899763431617
7.2064064064064075 0.9183969587957479
7.222222222222223 0.9176234444912522
7.238038038038039 0.9170064194104836
7.253853853853855 0.9165798863102383
7.269669669669671 0.9163743963196497
7.285485485485487 0.9164167002319363
7.301301301301303 0.9167295188340331
7.317117117117118 0.9173314276873153
7.332932932932934 0.9182368484118083
7.34874874874875 0.9194561357902045
7.364564564564565 0.9209957479170076
7.380380380380382 0.9228584851622974
7.396196196196198 0.925043782865799
7.412012012012013 0.9275480423761129
7.427827827827829 0.9303649852442238
7.443643643643645 0.9334860160091998
7.4594594594594605 0.9369005800188128
7.475275275275276 0.9405965040552764
7.491091091091092 0.944560309139338
7.5069069069069085 0.9487774867233756
7.522722722722724 0.9532327315184611
7.53853853853854 0.957910126394909
7.554354354354356 0.9627932771108872
7.570170170170171 0.9678653970129881
7.585985985985987 0.9731093442601244
7.601801801801803 0.9785076164799544
7.6176176176176185 0.9840423099951289
7.633433433433435 0.989695052763922
7.649249249249251 0.9954469218673614
7.6650650650650665 1.0012783576411084
7.680880880880882 1.0071690872970636
7.696696696696698 1.0130980710204418
7.712512512512514 1.0190434829957997
7.728328328328329 1.0249827385707833
7.744144144144145 1.03089257680442
7.759959959959962 1.0367492050031188
7.775775775775777 1.0425285086010854
7.791591591591593 1.048206326015706
7.807407407407409 1.0537587840669937
7.823223223223224 1.0591626853936709
7.83903903903904 1.06439593525374
7.854854854854856 1.069437991406656
7.870670670670672 1.0742703176808985
7.886486486486488 1.0788768195645797
7.902302302302304 1.0832442389181305
7.9181181181181195 1.087362484853081
7.933933933933935 1.0912248790480552
7.949749749749751 1.094828296312512
7.965565565565567 1.0981731850155707
7.981381381381382 1.1012634569484854
7.997197197197199 1.104106242086003
8.013013013013014 1.1067115102859566
8.02882882882883 1.1090915688924528
8.044644644644645 1.1112604521189517
8.060460460460462 1.1132332245943253
8.076276276276277 1.115025227168402
8.092092092092093 1.1166512976274463
8.107907907907908 1.1181250020441986
8.123723723723725 1.1194579138288394
8.139539539539541 1.1206589769893964
8.155355355355356 1.121733987585595
8.171171171171173 1.1226852229103466
8.186986986986987 1.1235112417107185
8.202802802802804 1.1242068710254465
8.218618618618619 1.1247633863259463
8.234434434434435 1.125168882039851
8.25025025025025 1.1254088197062038
8.266066066066067 1.1254667314875424
8.281881881881882 1.1253250480770853
8.297697697697698 1.1249660126924796
8.313513513513515 1.1243726372873069
8.32932932932933 1.1235296536991621
8.345145145145146 1.1224244114420026
8.360960960960961 1.1210476753679393
8.376776776776778 1.11939428046012
8.392592592592592 1.1174636074237316
8.408408408408409 1.1152598512305698
8.424224224224226 1.1127920649349585
8.44004004004004 1.110073972402694
8.455855855855857 1.1071235554911125
8.471671671671672 1.1039624330529794
8.487487487487488 1.1006150602650147
8.503303303303303 1.0971077865846492
8.51911911911912 1.0934678185583828
8.534934934934935 1.0897221392783838
8.550750750750751 1.0858964391688593
8.566566566566568 1.08201411278196
8.582382382382383 1.0780953733530358
8.5981981981982 1.0741565311274188
8.614014014014014 1.070209473203547
8.62982982982983 1.066261372262288
8.645645645645645 1.0623146396144625
8.661461461461462 1.0583671251355589
8.677277277277279 1.054412553565039
8.693093093093093 1.0504411740436759
8.70890890890891 1.046440588342275
8.724724724724725 1.042396713635315
8.740540540540541 1.038294828433737
8.756356356356356 1.034120645825158
8.772172172172173 1.029861356737893
8.787987987987988 1.0255065876405007
8.803803803803804 1.0210492218296554
8.81961961961962 1.016486040993932
8.835435435435436 1.0118181536595143
8.851251251251252 1.007051188880613
8.867067067067067 1.0021952464818171
8.882882882882884 0.9972646085720532
8.898698698698698 0.9922772301822472
8.914514514514515 0.9872540389967515
8.930330330330332 0.982218084573394
8.946146146146146 0.9771935855938421
8.961961961961963 0.9722049290979234
8.977777777777778 0.967275678029371
8.993593593593594 0.9624276426244428
9.00940940940941 0.9576800672565424
9.025225225225226 0.9530489775334458
9.041041041041042 0.9485467231175911
9.056856856856857 0.9441817404346051
9.072672672672674 0.9399585467936243
9.088488488488489 0.9358779641831634
9.104304304304305 0.9319375578809969
9.12012012012012 0.9281322627702303
9.135935935935937 0.9244551595798934
9.151751751751751 0.920898354770417
9.167567567567568 0.9174539119407666
9.183383383383385 0.9141147797717835
9.1991991991992 0.9108756617959711
9.215015015015016 0.9077337766754454
9.230830830830831 0.9046894639774751
9.246646646646647 0.9017465992960247
9.262462462462462 0.8989127934686773
9.278278278278279 0.8961993629570311
9.294094094094095 0.8936210714920519
9.30990990990991 0.8911956560920723
9.325725725725727 0.888943162802261
9.341541541541542 0.8868851282882997
9.357357357357358 0.8850436521367457
9.373173173173173 0.8834404108826515
9.38898898898899 0.882095668060576
9.404804804804806 0.8810273347829269
9.420620620620621 0.8802501324889532
9.436436436436438 0.8797749037521305
9.452252252252253 0.8796081087196371
9.468068068068069 0.8797515343649742
9.483883883883884 0.8802022318584618
9.4996996996997 0.8809526846760315
9.515515515515515 0.8819911972919227
9.531331331331332 0.8833024821539586
9.547147147147149 0.8848684117994843
9.562962962962963 0.8866688940361787
9.57877877877878 0.8886828215736255
9.594594594594595 0.890889043699157
9.610410410410411 0.893267306738351
9.626226226226226 0.8957991121530754
9.642042042042043 0.8984684460677334
9.65785785785786 0.9012623414793529
9.673673673673674 0.9041712439623192
9.68948948948949 0.9071891627734084
9.705305305305306 0.9103136012660014
9.721121121121122 0.9135452727579355
9.736936936936937 0.9168876197833464
9.752752752752754 0.9203461653455827
9.768568568568568 0.9239277337949552
9.784384384384385 0.9276395858014835
9.800200200200202 0.931488516224914
9.816016016016016 0.935479965292926
9.831831831831833 0.9396171923287236
9.847647647647648 0.9439005574218717
9.863463463463464 0.9483269501595887
9.87927927927928 0.9528893962095093
9.895095095095096 0.9575768626573032
9.910910910910912 0.9623742721205476
9.926726726726727 0.9672627243971729
9.942542542542544 0.9722199133865809
9.958358358358359 0.9772207168439085
9.974174174174175 0.9822379277349603
9.98998998998999 0.9872430890061621
10.005805805805807 0.9922073888148809
10.021621621621623 0.9971025708967187
10.037437437437438 1.0019018148566556
10.053253253253255 1.0065805436994268
10.06906906906907 1.0111171206677894
10.084884884884886 1.0154934041226786
10.1007007007007 1.01969513736499
10.116516516516517 1.0237121594798866
10.132332332332332 1.0275384329514736
10.148148148148149 1.031171893405487
10.163963963963965 1.0346141358646737
10.17977977977978 1.0378699598670704
10.195595595595597 1.0409468022951625
10.211411411411412 1.0438540914815233
10.227227227227228 1.0466025588904992
10.243043043043043 1.0492035453397726
10.25885885885886 1.0516683373534361
10.274674674674676 1.0540075659764536
10.290490490490491 1.0562306954782648
10.306306306306308 1.0583456231647979
10.322122122122122 1.0603584044004766
10.337937937937939 1.0622731093505702
10.353753753753754 1.0640918103371524
10.36956956956957 1.065814691492735
10.385385385385387 1.067440265989148
10.401201201201202 1.0689656808500663
10.417017017017018 1.0703870854802595
10.432832832832833 1.0717000377294892
10.44864864864865 1.0728999206232588
10.464464464464465 1.0739823438076452
10.480280280280281 1.0749435061497936
10.496096096096096 1.0757804996051195
10.511911911911913 1.0764915391351466
10.52772772772773 1.0770761088150933
10.543543543543544 1.0775350199583378
10.55935935935936 1.0778703827495477
10.575175175175175 1.0780854981784223
10.590990990990992 1.0781846816952712
10.606806806806807 1.078173033713946
10.622622622622623 1.0780561746785053
10.63843843843844 1.0778399637738834
10.654254254254255 1.077530220463487
10.670070070070071 1.0771324669224598
10.685885885885886 1.0766517072220432
10.701701701701703 1.076092255989436
10.717517517517518 1.0754576254506925
10.733333333333334 1.0747504755278652
10.749149149149149 1.073972627289235
10.764964964964966 1.0731251358254004
10.780780780780782 1.0722084148080802
10.796596596596597 1.071222401812245
10.812412412412414 1.0701667511277029
10.828228228228229 1.0690410393781011
10.844044044044045 1.0678449688646592
10.85985985985986 1.0665785541545185
10.875675675675677 1.065242278971793
10.891491491491493 1.0638372127983997
10.907307307307308 1.0623650795787862
10.923123123123125 1.0608282743392523
10.93893893893894 1.0592298271484644
10.954754754754756 1.0575733174239321
10.97057057057057 1.0558627449009965
10.986386386386387 1.0541023664198366
11.002202202202204 1.0522965098806227
11.018018018018019 1.0504493781401785
11.033833833833835 1.0485648561999872
11.04964964964965 1.0466463347445323
11.065465465465467 1.0446965619653659
11.081281281281282 1.0427175337359733
11.097097097097098 1.0407104297164824
11.112912912912913 1.0386756000324526
11.12872872872873 1.036612603979786
11.144544544544546 1.0345202989619464
11.160360360360361 1.0323969747689945
11.176176176176178 1.0302405255501026
11.191991991991992 1.028048649577016
11.207807807807809 1.025819065275834
11.223623623623624 1.0235497311072832
11.23943943943944 1.0212390567437641
11.255255255255257 1.0188860936196091
11.271071071071072 1.0164906942672514
11.286886886886888 1.0140536318023599
11.302702702702703 1.011576673355729
11.31851851851852 1.0090626040123518
11.334334334334335 1.006515200735546
11.350150150150151 1.0039391586473267
11.365965965965968 1.0013399747319995
11.381781781781783 0.9987237963703296
11.3975975975976 0.9960972439639632
11.413413413413414 0.9934672181736834
11.42922922922923 0.9908407029080826
11.445045045045045 0.9882245751395002
11.460860860860862 0.9856254319107096
11.476676676676677 0.9830494435868484
11.492492492492493 0.9805022405947676
11.50830830830831 0.9779888386966299
11.524124124124125 0.9755136054063929
11.539939939939941 0.9730802676280901
11.555755755755756 0.9706919581264275
11.571571571571573 0.9683512961784803
11.587387387387388 0.9660604958294845
11.603203203203204 0.9638214936916703
11.61901901901902 0.9616360872596127
11.634834834834836 0.9595060743125584
11.650650650650652 0.9574333841430328
11.666466466466467 0.9554201920669632
11.682282282282284 0.9534690098771267
11.698098098098098 0.9515827465151618
11.713913913913915 0.9497647351521467
11.72972972972973 0.948018724963738
11.745545545545546 0.9463488380356173
11.761361361361363 0.9447594939117382
11.777177177177178 0.9432553061826784
11.792992992992994 0.9418409571001394
11.80880880880881 0.9405210574124325
11.824624624624626 0.9392999993853111
11.84044044044044 0.9381818112706433
11.856256256256257 0.9371700213080815
11.872072072072074 0.9362675387154378
11.887887887887889 0.9354765580902323
11.903703703703705 0.9347984922775817
11.91951951951952 0.9342339371444494
11.935335335335337 0.9337826699345354
11.951151151151151 0.9334436810639922
11.966966966966968 0.9332152374569338
11.982782782782785 0.933094973905968
11.9985985985986 0.9330800075595104
12.014414414414416 0.9331670695514185
12.03023023023023 0.9333526470475002
12.046046046046047 0.9336331286150078
12.061861861861862 0.9340049458312739
12.077677677677679 0.934464704421579
12.093493493493494 0.9350092989207089
12.10930930930931 0.9356360058380317
12.125125125125127 0.9363425515103101
12.140940940940942 0.9371271521793976
12.156756756756758 0.9379885252586836
12.172572572572573 0.9389258721778279
12.18838838838839 0.939938834549052
12.204204204204204 0.9410274266164144
12.220020020020021 0.9421919479787464
12.235835835835838 0.9434328813761272
12.251651651651652 0.9447507808714029
12.267467467467469 0.9461461560287684
12.283283283283284 0.9476193576910268
12.2990990990991 0.9491704706987211
12.314914914914915 0.9507992184019716
12.330730730730732 0.9525048831228153
12.346546546546548 0.9542862458723061
12.362362362362363 0.9561415476573796
12.37817817817818 0.9580684736744848
12.393993993993995 0.9600641606272559
12.409809809809811 0.9621252263691478
12.425625625625626 0.9642478201005017
12.441441441441443 0.9664276904796392
12.457257257257258 0.9686602682701614
12.473073073073074 0.9709407595661789
12.48888888888889 0.9732642452314637
12.504704704704706 0.975625781968598
12.520520520520522 0.978020500404492
12.536336336336337 0.9804436957372852
12.552152152152154 0.9828909068287597
12.567967967967968 0.9853579801325267
12.583783783783785 0.9878411155028443
12.599599599599602 0.990336891708678
12.615415415415416 0.9928422703551114
12.631231231231233 0.9953545778582393
12.647047047047048 0.9978714660960994
12.662862862862864 1.000390853330487
12.67867867867868 1.0029108479247315
12.694494494494496 1.005429658232452
12.71031031031031 1.007945492764537
12.726126126126127 1.0104564553210857
12.741941941941944 1.0129604401705083
12.757757757757759 1.0154550325437208
12.773573573573575 1.017937419668568
12.78938938938939 1.020404317288149
12.805205205205207 1.022851916086257
12.821021021021021 1.0252758516940217
12.836836836836838 1.027671200995841
12.852652652652655 1.0300325063226619
12.86846846846847 1.0323538278602193
12.884284284284286 1.0346288232618412
12.9001001001001 1.0368508521002022
12.915915915915917 1.0390131014852646
12.931731731731732 1.0411087279837088
12.947547547547549 1.0431310099642102
12.963363363363365 1.0450735037235657
12.97917917917918 1.0469301962729463
12.994994994994997 1.048695647521324
13.010810810810812 1.0503651148092705
13.026626626626628 1.0519346533283103
13.042442442442443 1.053401186897355
13.05825825825826 1.0547625448275637
13.074074074074074 1.0560174621403613
13.089889889889891 1.057165542143223
13.105705705705708 1.0582071822324288
13.121521521521522 1.0591434656888394
13.137337337337339 1.0599760240629825
13.153153153153154 1.0607068764094978
13.16896896896897 1.0613382530327309
13.184784784784785 1.0618724124594296
13.200600600600602 1.0623114609906745
13.216416416416418 1.0626571843527892
13.232232232232233 1.062910900638924
13.24804804804805 1.0630733429082218
13.263863863863865 1.0631445785140963
13.279679679679681 1.0631239705200275
13.295495495495496 1.063010184508239
13.311311311311313 1.06280124179285
13.327127127127127 1.0624946176305083
13.342942942942944 1.0620873806047395
13.35875875875876 1.0615763670759641
13.374574574574575 1.0609583825647704
13.390390390390392 1.0602304202886144
13.406206206206207 1.0593898859013036
13.422022022022023 1.058434816866567
13.437837837837838 1.0573640848795367
13.453653653653655 1.0561775703488985
13.469469469469471 1.0548762991500955
13.485285285285286 1.0534625336050274
13.501101101101103 1.051939811853507
13.516916916916918 1.0503129323461342
13.532732732732734 1.048587882975063
13.548548548548549 1.0467717172212923
13.564364364364366 1.0448723824804453
13.580180180180182 1.0428985082810047
13.595995995995997 1.0408591642871659
13.611811811811814 1.038763599658919
13.627627627627628 1.036620976426277
13.643443443443445 1.0344401099561062
13.65925925925926 1.0322292293180075
13.675075075075076 1.029995769397512
13.690890890890891 1.027746205006192
13.706706706706708 1.0254859350808943
13.722522522522524 1.0232192224619907
13.73833833833834 1.0209491918328992
13.754154154154156 1.0186778853479759
13.76996996996997 1.01640637244045
13.785785785785787 1.0141349074535484
13.801601601601602 1.0118631262340114
13.817417417417419 1.0095902708068774
13.833233233233235 1.0073154298261435
13.84904904904905 1.0050377817468488
13.864864864864867 1.0027568276315424
13.880680680680682 1.0004726011887886
13.896496496496498 0.9981858450034412
13.912312312312313 0.9958981438795957
13.92812812812813 0.9936120086649486
13.943943943943946 0.9913309067197561
13.959759759759761 0.9890592381750488
13.975575575575578 0.9868022601232743
13.991391391391392 0.9845659637296807
14.007207207207209 0.98235691178348
14.023023023023024 0.9801820462820044
14.03883883883884 0.978048477143535
14.054654654654655 0.975963263993965
14.070470470470472 0.9739332031261045
14.086286286286288 0.9719646311863195
14.102102102102103 0.9700632559402838
14.11791791791792 0.9682340226853591
14.133733733733735 0.9664810226226765
14.149549549549551 0.9648074469155503
14.165365365365366 0.9632155873993222
14.181181181181183 0.9617068821371567
14.196996996997 0.9602820014021057
14.212812812812814 0.9589409673625794
14.22862862862863 0.9576832988909976
14.244444444444445 0.9565081716106753
14.260260260260262 0.9554145826164168
14.276076076076077 0.9544015092839208
14.291891891891893 0.9534680522154785
14.307707707707708 0.9526135536084053
14.323523523523525 0.9518376840950687
14.339339339339341 0.9511404932746456
14.355155155155156 0.950522421597754
14.370970970970973 0.949984273821018
14.386786786786788 0.9495271567583976
14.402602602602604 0.949152386362506
14.418418418418419 0.9488613711284176
14.434234234234236 0.9486554803032566
14.450050050050052 0.948535906315661
14.465865865865867 0.9485035311539937
14.481681681681684 0.9485588061037888
14.497497497497498 0.9487016533261633
14.513313313313315 0.9489313962809974
14.52912912912913 0.9492467240674056
14.544944944944946 0.9496456924937442
14.560760760760763 0.9501257622453014
14.576576576576578 0.9506838720467069
14.592392392392394 0.951316542376697
14.60820820820821 0.952020003235718
14.624024024024026 0.9527903378249419
14.63983983983984 0.9536236328755776
14.655655655655657 0.9545161258440771
14.671471471471472 0.9554643392985791
14.687287287287289 0.9564651935613608
14.703103103103105 0.9575160899978228
14.71891891891892 0.9586149591739598
14.734734734734737 0.9597602703281173
14.750550550550551 0.9609510010803571
14.766366366366368 0.9621865688782071
14.782182182182183 0.9634667281878544
14.797997997998 0.9647914397247813
14.813813813813816 0.966160719930091
14.82962962962963 0.9675744803132678
14.845445445445447 0.9690323671039132
14.861261261261262 0.970533611825498
14.877077077077079 0.9720769029050399
14.892892892892894 0.9736602872871262
14.90870870870871 0.9752811092928171
14.924524524524527 0.9769359917544181
14.940340340340342 0.9786208618977273
14.956156156156158 0.9803310216889205
14.971971971971973 0.9820612595822381
14.98778778778779 0.9838059979689504
15.003603603603604 0.985559468302357
15.019419419419421 0.9873159040051407
15.035235235235236 0.9890697399749153
15.051051051051052 0.9908158068778171
15.066866866866869 0.9925495085051312
15.082682682682684 0.9942669712679939
15.0984984984985 0.9959651563802591
15.114314314314315 0.9976419273483825
15.130130130130132 0.9992960679314404
15.145945945945947 1.0009272486059886
15.161761761761763 1.0025359426000526
15.17757757757758 1.0041232955675845
15.193393393393395 1.0056909557785498
15.209209209209211 1.00724087413026
15.225025025025026 1.0087750851935915
15.240840840840843 1.010295481774292
15.256656656656657 1.0118035960131473
15.272472472472474 1.0133003998304257
15.288288288288289 1.0147861365459585
15.304104104104105 1.0162601938278157
15.319919919919922 1.01772102583329
15.335735735735737 1.0191661296363352
15.351551551551553 1.0205920779453654
15.367367367367368 1.0219946068840458
15.383183183183185 1.0233687544242671
15.398998998999 1.0247090421118343
15.414814814814816 1.0260096901854596
15.430630630630633 1.027264854208933
15.446446446446448 1.0284688700329985
15.462262262262264 1.0296164933561394
15.47807807807808 1.030703120396601
15.493893893893896 1.031724977209721
15.50970970970971 1.0326792669273388
15.525525525525527 1.033564266559864
15.541341341341344 1.0343793678500566
15.557157157157159 1.0351250598358774
15.572972972972975 1.0358028540843485
15.58878878878879 1.0364151568077091
15.604604604604607 1.0369650950792193
15.620420420420421 1.0374563069550178
15.636236236236238 1.0378927073315203
15.652052052052053 1.0382782427092059
15.66786786786787 1.0386166486176862
15.683683683683686 1.038911223252436
15.6994994994995 1.0391646298953392
15.715315315315317 1.0393787389991385
15.731131131131132 1.039554518511238
15.746946946946949 1.0396919782314764
15.762762762762764 1.0397901709049777
15.77857857857858 1.0398472495256923
15.794394394394397 1.0398605771560674
15.810210210210212 1.0398268826362471
15.826026026026028 1.0397424530298591
15.841841841841843 1.0396033516754717
15.85765765765766 1.0394056493926207
15.873473473473474 1.0391456557990335
15.889289289289291 1.0388201378582076
15.905105105105108 1.0384265136763629
15.920920920920922 1.0379630111444575
15.936736736736739 1.0374287831749387
15.952552552552554 1.0368239738818361
15.96836836836837 1.0361497329396998
15.984184184184185 1.0354081783596056
16.0 1.0346023108620406
