0.2 0.04620610824870841
0.21581581581581583 0.04230614711030867
0.23163163163163164 0.03851441308743153
0.24744744744744746 0.03494100291213165
0.26326326326326327 0.031699606375538925
0.2790790790790791 0.028903103456445423
0.29489489489489495 0.02665865498729747
0.31071071071071077 0.025062524296250777
0.3265265265265266 0.024194903205656204
0.3423423423423424 0.024115037990846355
0.3581581581581582 0.02485695748998673
0.373973973973974 0.026426095374674774
0.38978978978978984 0.02879707138169818
0.40560560560560566 0.03191285272008071
0.42142142142142147 0.03568545846082494
0.4372372372372373 0.03999829889809481
0.4530530530530531 0.04471016180175069
0.4688688688688689 0.049660771936845705
0.48468468468468473 0.054677763418218395
0.5005005005005005 0.05958482084500971
0.5163163163163164 0.0642106691831047
0.5321321321321322 0.06839852828355297
0.547947947947948 0.07201559955812598
0.5637637637637638 0.07496212285416848
0.5795795795795797 0.07717953333329419
0.5953953953953954 0.07865726254944327
0.6112112112112114 0.07943776526217183
0.6270270270270271 0.07961941301438635
0.642842842842843 0.07935697523995167
0.6586586586586587 0.07885950567971367
0.6744744744744746 0.07838556226398263
0.6902902902902903 0.07823580767086535
0.7061061061061062 0.07874316021698413
0.721921921921922 0.08026078495901123
0.7377377377377379 0.08314832717390264
0.7535535535535536 0.08775688921941849
0.7693693693693695 0.09441333208266478
0.7851851851851852 0.10340454033577129
0.8010010010010011 0.11496232029694109
0.8168168168168168 0.12924960362104976
0.8326326326326328 0.1463486012501698
0.8484484484484485 0.16625149591053945
0.8642642642642644 0.18885417677525418
0.8800800800800801 0.21395341046205385
0.895895895895896 0.2412477123528003
0.9117117117117117 0.27034203650014577
0.9275275275275277 0.300756247151057
0.9433433433433434 0.3319371767597946
0.9591591591591593 0.3632739211583206
0.9749749749749752 0.394115879145125
0.9907907907907909 0.4237929176489176
1.0066066066066068 0.451636940683967
1.0224224224224225 0.4770040654824482
1.0382382382382385 0.4992965662515859
1.0540540540540542 0.5179837373982883
1.06986986986987 0.5326208547537326
1.0856856856856858 0.5428654747367505
1.1015015015015017 0.5484904054054573
1.1173173173173174 0.549392806390337
1.1331331331331334 0.545599021892937
1.148948948948949 0.5372649162759667
1.164764764764765 0.5246716584128968
1.1805805805805807 0.5082170815026462
1.1963963963963966 0.4884029218516507
1.2122122122122123 0.46581840565327903
1.2280280280280282 0.44112079996727316
1.243843843843844 0.4150136665929881
1.2596596596596599 0.38822365005545334
1.2754754754754756 0.36147668947868594
1.2912912912912915 0.3354745661623002
1.3071071071071072 0.31087268323641337
1.3229229229229231 0.2882599214956698
1.3387387387387388 0.2681413286451869
1.3545545545545548 0.2509242814572167
1.3703703703703705 0.23690861678691288
1.3861861861861864 0.22628106417323446
1.402002002002002 0.21911413682179648
1.417817817817818 0.21536945660546125
1.4336336336336337 0.21490530997956148
1.4494494494494496 0.21748806288703082
1.4652652652652653 0.22280691083323134
1.4810810810810813 0.23049131156016456
1.496896896896897 0.2401303473095705
1.512712712712713 0.2512931954290535
1.5285285285285286 0.2635498525140554
1.5443443443443445 0.27649125934479046
1.5601601601601602 0.2897480109878935
1.5759759759759762 0.3030069065153438
1.5917917917917919 0.3160246924009744
1.6076076076076078 0.3286384781387165
1.6234234234234235 0.34077244636033743
1.6392392392392394 0.35244063637390377
1.6550550550550551 0.36374574283445626
1.670870870870871 0.37487403331279534
1.6866866866866868 0.386086643146905
1.7025025025025027 0.3977076469133731
1.7183183183183186 0.41010942764256375
1.7341341341341343 0.42369596297025225
1.7499499499499502 0.4388847183407347
1.765765765765766 0.4560878789618702
1.7815815815815819 0.47569366356865694
1.7973973973973976 0.4980484445827751
1.8132132132132135 0.5234403526028373
1.8290290290290292 0.5520849710909502
1.8448448448448451 0.5841136333696322
1.8606606606606608 0.6195647231138155
1.8764764764764768 0.6583782564679143
1.8922922922922925 0.7003938940985186
1.9081081081081084 0.745352400335569
1.923923923923924 0.7929004393146608
1.93973973973974 0.842598479578095
1.9555555555555557 0.8939314732107959
1.9713713713713716 0.9463218868329607
1.9871871871871873 0.9991445923473753
2.0030030030030033 1.0517430770273173
2.018818818818819 1.1034464061637383
2.034634634634635 1.1535863669701913
2.050450450450451 1.201514238799565
2.0662662662662665 1.2466166702078698
2.0820820820820822 1.2883301955996744
2.0978978978978984 1.3261539901877994
2.113713713713714 1.3596605385215264
2.12952952952953 1.3885039754154636
2.1453453453453455 1.4124259452442358
2.1611611611611616 1.4312589128704971
2.1769769769769773 1.4449269438061763
2.192792792792793 1.453444049786616
2.208608608608609 1.4569102664219329
2.224424424424425 1.4555056901342172
2.2402402402402406 1.4494827508734147
2.2560560560560567 1.4391570343370619
2.2718718718718725 1.424896992313369
2.287687687687688 1.4071128925003986
2.303503503503504 1.3862453603075715
2.31931931931932 1.3627538556350836
2.3351351351351357 1.3371054086259297
2.3509509509509514 1.3097639112487633
2.366766766766767 1.2811802277591304
2.3825825825825833 1.2517833481022191
2.398398398398399 1.2219727656445858
2.4142142142142147 1.1921122156735784
2.4300300300300304 1.16252486520219
2.4458458458458465 1.1334899989659808
2.4616616616616622 1.105241202171353
2.477477477477478 1.0779659984956227
2.4932932932932936 1.0518068628716026
2.50910910910911 1.026863493423643
2.5249249249249255 1.0031961961701756
2.540740740740741 0.9808302102936945
2.556556556556557 0.9597607813469352
2.572372372372373 0.9399587750811562
2.5881881881881887 0.9213766159367034
2.6040040040040044 0.903954331826742
2.61981981981982 0.8876254907687103
2.6356356356356363 0.8723228251497259
2.651451451451452 0.8579833557851071
2.6672672672672677 0.8445528501140177
2.6830830830830834 0.831989476364079
2.6988988988988996 0.820266547607026
2.7147147147147153 0.8093742854247847
2.730530530530531 0.7993205713262485
2.746346346346347 0.7901306938470035
2.762162162162163 0.7818461390369191
2.7779779779779785 0.7745225103094999
2.7937937937937942 0.7682266988689096
2.8096096096096104 0.7630334566474003
2.825425425425426 0.7590215484750932
2.8412412412412418 0.7562696778317415
2.8570570570570575 0.7548523900024984
2.8728728728728736 0.7548361570885709
2.8886886886886893 0.7562758407814145
2.904504504504505 0.7592117111695255
2.9203203203203207 0.7636671736076969
2.936136136136137 0.7696473217635952
2.9519519519519526 0.7771383946954173
2.9677677677677683 0.7861081709000376
2.983583583583584 0.7965072846949286
2.9993993993994 0.8082714022655074
3.015215215215216 0.8213241485434838
3.0310310310310316 0.835580634106013
3.0468468468468473 0.8509513957111607
3.0626626626626634 0.8673465368932003
3.078478478478479 0.8846798378715247
3.094294294294295 0.9028725980812327
3.1101101101101105 0.9218569805962591
3.1259259259259267 0.9415786456996822
3.1417417417417424 0.961998490373149
3.157557557557558 0.9830933504439943
3.1733733733733738 1.0048555708972113
3.18918918918919 1.0272914052841746
3.2050050050050056 1.0504182646889058
3.2208208208208213 1.074260897504551
3.2366366366366375 1.0988466403323358
3.252452452452453 1.124199934641064
3.268268268268269 1.1503363505613635
3.2840840840840846 1.1772563957743036
3.2998998998999007 1.204939411760274
3.3157157157157164 1.2333378701242648
3.331531531531532 1.2623723773766264
3.347347347347348 1.2919276772007895
3.363163163163164 1.3218499053943629
3.3789789789789797 1.3519453055673984
3.3947947947947954 1.3819805552418163
3.410610610610611 1.41168478473752
3.4264264264264273 1.440753298156158
3.442242242242243 1.4688529302281865
3.4580580580580587 1.4956288983007822
3.4738738738738744 1.5207129388508163
3.4896896896896905 1.543732455980849
3.505505505505506 1.5643203584340322
3.521321321321322 1.5821252242939152
3.5371371371371376 1.5968214106441927
3.5529529529529538 1.6081187202561313
3.5687687687687695 1.6157712492638698
3.584584584584585 1.6195850683812725
3.600400400400401 1.6194244343089426
3.616216216216217 1.615216285630463
3.6320320320320327 1.6069528461033582
3.6478478478478484 1.594692234684821
3.663663663663664 1.5785570623917367
3.6794794794794803 1.5587310774718004
3.695295295295296 1.5354539986288134
3.7111111111111117 1.509014747633115
3.7269269269269274 1.4797433543261387
3.7427427427427435 1.4480018560581727
3.7585585585585592 1.4141745478676881
3.774374374374375 1.3786579578310498
3.790190190190191 1.3418509233826672
3.806006006006007 1.3041451292370665
3.8218218218218225 1.2659164368367233
3.837637637637638 1.2275172907361276
3.8534534534534544 1.1892704313841325
3.86926926926927 1.1514640792650497
3.8850850850850858 1.1143486855457536
3.9009009009009015 1.0781352726855415
3.9167167167167176 1.0429953183491856
3.9325325325325333 1.0090620707173066
3.948348348348349 0.9764331258887311
3.9641641641641647 0.9451740510313424
3.979979979979981 0.9153228021952429
3.9957957957957966 0.8868946645234823
4.011611611611612 0.8598874355344199
4.027427427427428 0.8342865790327388
4.043243243243244 0.8100700971596542
4.059059059059059 0.7872128996060389
4.074874874874875 0.7656904900310068
4.090690690690691 0.7454818377771071
4.106506506506507 0.7265713552944597
4.122322322322323 0.7089499553934774
4.138138138138139 0.6926152146790925
4.1539539539539545 0.6775707175950539
4.16976976976977 0.6638246970548523
4.185585585585586 0.6513881207170209
4.2014014014014025 0.6402723951590916
4.217217217217218 0.6304868726804844
4.233033033033034 0.6220363469932786
4.24884884884885 0.6149187150170967
4.264664664664665 0.6091229633195352
4.280480480480481 0.6046276108707109
4.296296296296297 0.6013997065438168
4.312112112112113 0.599394442314156
4.327927927927929 0.598555403668307
4.343743743743745 0.5988154396428609
4.35955955955956 0.6000980983774089
4.375375375375376 0.6023195420765105
4.391191191191192 0.6053908294913573
4.4070070070070075 0.6092204357052745
4.422822822822823 0.613716868921939
4.43863863863864 0.6187912423974928
4.4544544544544555 0.6243596664153472
4.470270270270271 0.6303453395920718
4.486086086086087 0.6366802397235239
4.501901901901903 0.6433063403899142
4.517717717717718 0.6501763089462795
4.533533533533534 0.6572536724973597
4.54934934934935 0.6645124691271294
4.565165165165166 0.6719364302340705
4.580980980980982 0.6795177647033604
4.596796796796798 0.6872556354837642
4.6126126126126135 0.6951544329258328
4.628428428428429 0.7032219563623969
4.644244244244245 0.7114676156683908
4.660060060060061 0.719900758134032
4.675875875875876 0.7285292135217012
4.691691691691693 0.737358132593765
4.707507507507509 0.7463891729147843
4.723323323323324 0.7556200617631842
4.73913913913914 0.7650445410582176
4.754954954954956 0.7746526748553797
4.770770770770771 0.7844314776458982
4.786586586586587 0.7943658027081174
4.802402402402404 0.8044394151572665
4.818218218218219 0.8146361648869589
4.834034034034035 0.8249411707188842
4.849849849849851 0.8353419288536464
4.8656656656656665 0.8458292658759738
4.881481481481482 0.856398068520055
4.897297297297298 0.8670477382763678
4.913113113113114 0.8777823376326642
4.92892892892893 0.8886104150551447
4.944744744744746 0.8995445164303252
4.960560560560562 0.9106004103168658
4.976376376376377 0.921796071805797
4.992192192192193 0.9331504840277882
5.008008008008009 0.9446823265721899
5.023823823823824 0.9564086257587257
5.03963963963964 0.9683434425895872
5.055455455455457 0.9804966703732148
5.071271271271272 0.9928730058117251
5.087087087087088 1.0054711454083953
5.102902902902904 1.0182832442278935
5.1187187187187195 1.0312946573421307
5.134534534534535 1.0444839668277657
5.150350350350351 1.0578232800820178
5.166166166166167 1.0712787695791488
5.181981981981983 1.0848114109733802
5.197797797797799 1.0983778664628134
5.213613613613615 1.1119314541379042
5.22942942942943 1.125423141965575
5.245245245245246 1.1388025071515633
5.261061061061062 1.1520186076519978
5.2768768768768775 1.165020722089044
5.292692692692694 1.1777589265626986
5.30850850850851 1.1901844909663224
5.3243243243243255 1.2022500924171888
5.340140140140141 1.2139098582650387
5.355955955955957 1.2251192648188747
5.371771771771773 1.2358349294961282
5.387587587587588 1.246014342754291
5.403403403403404 1.2556155913136253
5.419219219219221 1.2645971254548136
5.435035035035036 1.2729176204687123
5.450850850850852 1.2805359758022776
5.466666666666668 1.287411485495547
5.482482482482483 1.2935042007785091
5.498298298298299 1.2987754910217892
5.514114114114115 1.3031887935757944
5.5299299299299305 1.3067105274295445
5.545745745745747 1.309311131122733
5.561561561561563 1.3109661729456679
5.5773773773773785 1.311657472034248
5.593193193193194 1.3113741632070488
5.60900900900901 1.3101136367727906
5.624824824824826 1.3078822872786104
5.640640640640641 1.3046960122216276
5.656456456456457 1.3005804127866953
5.672272272272274 1.29557066312648
5.688088088088089 1.289711031769222
5.703903903903905 1.2830540574525484
5.719719719719721 1.27565940094842
5.735535535535536 1.267592413121287
5.751351351351352 1.2589224764209423
5.767167167167168 1.2497211912088477
5.782982982982984 1.2400604888547027
5.7987987987988 1.2300107597239678
5.814614614614616 1.219639085558351
5.8304304304304315 1.2090076621568868
5.846246246246247 1.1981724898105959
5.862062062062063 1.1871823960291468
5.877877877877879 1.1760784383877196
5.893693693693694 1.1648937157083932
5.909509509509511 1.1536535943424928
5.925325325325327 1.1423763342250823
5.941141141141142 1.1310740778658708
5.956956956956958 1.1197541457360383
5.972772772772774 1.1084205647293581
5.9885885885885894 1.0970757434829195
6.004404404404405 1.0857222000884377
6.020220220220221 1.074364244602665
6.0360360360360374 1.063009520980757
6.051851851851853 1.0516703205155205
6.067667667667669 1.0403645911784074
6.0834834834834846 1.0291165837606002
6.0992992992993 1.0179570955026964
6.115115115115116 1.0069232938908623
6.130930930930932 0.9960581262719287
6.146746746746747 0.9854093436291759
6.162562562562564 0.9750281880088991
6.17837837837838 0.9649678115258092
6.194194194194195 0.9552815095853197
6.210010010010011 0.9460208611345703
6.225825825825827 0.9372338738377287
6.2416416416416425 0.9289632317960704
6.257457457457458 0.9212447378303884
6.273273273273275 0.9141060317402381
6.2890890890890905 0.9075656509566887
6.304904904904906 0.9016324814602602
6.320720720720722 0.8963056257849853
6.336536536536538 0.8915746925486102
6.352352352352353 0.8874204894810085
6.368168168168169 0.8838160806083187
6.383983983983985 0.8807281492572198
6.399799799799801 0.8781185929026551
6.415615615615617 0.8759462644293241
6.431431431431433 0.8741687677084001
6.447247247247248 0.8727442138305842
6.463063063063064 0.8716328479212799
6.47887887887888 0.8707984649425115
6.4946946946946955 0.8702095457374002
6.510510510510511 0.8698400610357085
6.526326326326328 0.8696699102581662
6.5421421421421435 0.869684982639589
6.557957957957959 0.869876849267161
6.573773773773775 0.8702421149227026
6.589589589589591 0.8707814770058272
6.605405405405406 0.871498554298089
6.621221221221222 0.8723985600811822
6.637037037037038 0.8734869015391811
6.652852852852854 0.8747677901012311
6.66866866866867 0.8762429453307622
6.684484484484486 0.8779104683238163
6.700300300300301 0.8797639497821715
6.716116116116117 0.8817918636442694
6.731931931931933 0.8839772802433563
6.7477477477477485 0.8862979144088726
6.763563563563564 0.888726504803329
6.779379379379381 0.8912315021785904
6.7951951951951965 0.8937780271830943
6.811011011011012 0.8963290437916577
6.826826826826828 0.8988466831430109
6.842642642642644 0.9012936451400313
6.858458458458459 0.9036346019484812
6.874274274274275 0.9058375286314883
6.890090090090092 0.9078748914408677
6.905905905905907 0.9097246333783776
6.921721721721723 0.911370908954726
6.937537537537539 0.9128045348517837
6.9533533533533545 0.9140231395460447
6.96916916916917 0.9150310119157342
6.984984984984986 0.9158386654481909
7.000800800800802 0.9164621499444141
7.016616616616618 0.9169221557319244
7.032432432432434 0.9172429656328518
7.04824824824825 0.9174513167573514
7.064064064064065 0.9175752372755768
7.079879879879881 0.9176429225593111
7.095695695695697 0.9176817105967305
7.111511511511512 0.9177172087050126
7.127327327327328 0.9177726128218664
7.143143143143145 0.9178682477332427
7.15895895895896 0.9180213422914572
7.174774774774776 0.9182460388645712
7.190590590590592 0.9185536218193218
7.2064064064064075 0.9189529366257458
7.222222222222223 0.9194509599469339
7.238038038038039 0.9200534724788823
7.253853853853855 0.9207657808064771
7.269669669669671 0.9215934324264152
7.285485485485487 0.9225428694373038
7.301301301301303 0.9236219710868856
7.317117117117118 0.9248404430763899
7.332932932932934 0.9262100217580448
7.34874874874875 0.9277444734860186
7.364564564564565 0.929459382651173
7.380380380380382 0.9313717355437972
7.396196196196198 0.9334993203312928
7.412012012012013 0.9358599753302353
7.427827827827829 0.9384707276953266
7.443643643643645 0.9413468720627522
7.4594594594594605 0.9445010431463556
7.475275275275276 0.9479423375418724
7.491091091091092 0.9516755379860818
7.5069069069069085 0.95570048817355
7.522722722722724 0.9600116582643293
7.53853853853854 0.9645979308938756
7.554354354354356 0.9694426254266026
7.570170170170171 0.9745237650787797
7.585985985985987 0.9798145781319983
7.601801801801803 0.985284211533747
7.6176176176176185 0.9908986234722599
7.633433433433435 0.9966216116795997
7.649249249249251 1.0024159268087482
7.6650650650650665 1.0082444156540271
7.680880880880882 1.0140711374820246
7.696696696696698 1.0198623983787383
7.712512512512514 1.0255876531857933
7.728328328328329 1.03122023201223
7.744144144144145 1.0367378580338233
7.759959959959962 1.0421229347684293
7.775775775775777 1.0473625935894235
7.791591591591593 1.0524485052008232
7.807407407407409 1.0573764714233895
7.823223223223224 1.0621458252336593
7.83903903903904 1.0667586769254132
7.854854854854856 1.0712190519937386
7.870670670670672 1.0755319714724358
7.886486486486488 1.0797025277327201
7.902302302302304 1.083735008083714
7.9181181181181195 1.0876321149768844
7.933933933933935 1.0913943254399532
7.949749749749751 1.0950194239270101
7.965565565565567 1.0985022325673959
7.981381381381382 1.1018345514143155
7.997197197197199 1.105005309380143
8.013013013013014 1.108000914764284
8.02882882882883 1.1108057832795677
8.044644644644645 1.113403011859813
8.060460460460462 1.1157751587947122
8.076276276276277 1.117905085286519
8.092092092092093 1.1197768106218602
8.107907907907908 1.1213763329217266
8.123723723723725 1.1226923698446232
8.139539539539541 1.1237169784978378
8.155355355355356 1.1244460208527063
8.171171171171173 1.124879449740675
8.186986986986987 1.1250214005184354
8.202802802802804 1.1248800841642586
8.218618618618619 1.1244674883094297
8.234434434434435 1.123798902930849
8.25025025025025 1.1228922965852886
8.266066066066067 1.1217675766729458
8.281881881881882 1.1204457728922066
8.297697697697698 1.1189481865164113
8.313513513513515 1.1172955492403875
8.32932932932933 1.1155072340943275
8.345145145145146 1.1136005574196501
8.360960960960961 1.1115902053805697
8.376776776776778 1.1094878112860935
8.392592592592592 1.1073017015440947
8.408408408408409 1.1050368188449595
8.424224224224226 1.1026948216914139
8.44004004004004 1.10027435017013
8.455855855855857 1.097771439390371
8.471671671671672 1.0951800547338235
8.487487487487488 1.0924927173315637
8.503303303303303 1.0897011842795818
8.51911911911912 1.0867971461886587
8.534934934934935 1.0837729047911564
8.550750750750751 1.0806219954378173
8.566566566566568 1.0773397232476316
8.582382382382383 1.0739235871645085
8.5981981981982 1.0703735728897115
8.614014014014014 1.0666923032052211
8.62982982982983 1.0628850421526024
8.645645645645645 1.0589595574467303
8.661461461461462 1.0549258529599401
8.677277277277279 1.0507957897226754
8.693093093093093 1.0465826193208512
8.70890890890891 1.0423004575703554
8.724724724724725 1.037963728742513
8.740540540540541 1.033586611319732
8.756356356356356 1.0291825152901133
8.772172172172173 1.0247636184453894
8.787987987987988 1.0203404852117137
8.803803803803804 1.0159217864699333
8.81961961961962 1.0115141329169082
8.835435435435436 1.0071220281227518
8.851251251251252 1.0027479409068183
8.867067067067067 0.9983924903396619
8.882882882882884 0.994054730907757
8.898698698698698 0.9897325204412445
8.914514514514515 0.9854229495366577
8.930330330330332 0.9811228085760334
8.946146146146146 0.9768290671485227
8.961961961961963 0.9725393407437695
8.977777777777778 0.9682523209578904
8.993593593593594 0.9639681480151854
9.00940940940941 0.9596887079852112
9.025225225225226 0.95541784144165
9.041041041041042 0.9511614552093662
9.056856856856857 0.94692753400341
9.072672672672674 0.9427260538999547
9.088488488488489 0.9385688044276317
9.104304304304305 0.9344691303875933
9.12012012012012 0.9304416080986326
9.135935935935937 0.926501673463164
9.151751751751751 0.9226652209574822
9.167567567567568 0.918948193318215
9.183383383383385 0.9153661813355969
9.1991991991992 0.911934051835599
9.215015015015016 0.9086656197473888
9.230830830830831 0.9055733772599106
9.246646646646647 0.9026682896513653
9.262462462462462 0.8999596636269198
9.278278278278279 0.8974550901294757
9.294094094094095 0.8951604597987756
9.30990990990991 0.893080045734349
9.325725725725727 0.8912166451335316
9.341541541541542 0.8895717688620584
9.357357357357358 0.8881458661704451
9.373173173173173 0.8869385706542161
9.38898898898899 0.8859489531892893
9.404804804804806 0.8851757679358667
9.420620620620621 0.8846176785394064
9.436436436436438 0.88427345327931
9.452252252252253 0.8841421200137286
9.468068068068069 0.8842230742138506
9.483883883883884 0.8845161360347884
9.4996996996997 0.8850215550921815
9.515515515515515 0.8857399642683761
9.531331331331332 0.8866722863357065
9.547147147147149 0.8878195993501361
9.562962962962963 0.8891829685507947
9.57877877877878 0.8907632538381869
9.594594594594595 0.8925609027598436
9.610410410410411 0.8945757392959635
9.626226226226226 0.8968067586219969
9.642042042042043 0.899251937464431
9.65785785785786 0.9019080687124063
9.673673673673674 0.9047706276674794
9.68948948948949 0.9078336757826179
9.705305305305306 0.9110898060404152
9.721121121121122 0.9145301323315751
9.736936936936937 0.9181443233968993
9.752752752752754 0.9219206801622736
9.768568568568568 0.9258462536903502
9.784384384384385 0.9299069995480963
9.800200200200202 0.9340879631873543
9.816016016016016 0.9383734899852375
9.831831831831833 0.9427474529094892
9.847647647647648 0.9471934903667403
9.863463463463464 0.9516952466546972
9.87927927927928 0.9562366075598423
9.895095095095096 0.9608019240006516
9.910910910910912 0.9653762171875525
9.926726726726727 0.9699453595262363
9.942542542542544 0.9744962263992687
9.958358358358359 0.979016814989911
9.974174174174175 0.9834963274288044
9.98998998998999 0.9879252167160592
10.005805805805807 0.9922951950664016
10.021621621621623 0.9965992055120776
10.037437437437438 1.000831358747073
10.053253253253255 1.0049868382776328
10.06906906906907 1.0090617779300677
10.084884884884886 1.0130531166308414
10.1007007007007 1.0169584360909911
10.116516516516517 1.0207757875745689
10.132332332332332 1.0245035142892334
10.148148148148149 1.028140076090601
10.163963963963965 1.031683883129184
10.17977977977978 1.0351331447841936
10.195595595595597 1.0384857397230127
10.211411411411412 1.0417391122069521
10.227227227227228 1.0448901988489858
10.243043043043043 1.047935388941398
10.25885885885886 1.0508705202426682
10.274674674674676 1.0536909107825032
10.290490490490491 1.0563914258573632
10.306306306306308 1.05896657799645
10.322122122122122 1.0614106563335646
10.337937937937939 1.063717880578006
10.353753753753754 1.0658825736909159
10.36956956956957 1.0678993464915074
10.385385385385387 1.0697632867833435
10.401201201201202 1.0714701452386342
10.417017017017018 1.073016510231942
10.432832832832833 1.0743999640851
10.44864864864865 1.0756192137704572
10.464464464464465 1.07667419000381
10.480280280280281 1.0775661098119658
10.496096096096096 1.0782974990403034
10.511911911911913 1.078872172819255
10.52772772772773 1.0792951736724667
10.543543543543544 1.0795726686541631
10.55935935935936 1.0797118085762407
10.575175175175175 1.0797205539540953
10.590990990990992 1.0796074736946517
10.606806806806807 1.07938152370779
10.622622622622623 1.079051813490244
10.63843843843844 1.07862736926843
10.654254254254255 1.0781169024672854
10.670070070070071 1.0775285920857083
10.685885885885886 1.0768698890117256
10.701701701701703 1.076147349424615
10.717517517517518 1.0753665032448492
10.733333333333334 1.074531762157635
10.749149149149149 1.0736463701151253
10.764964964964966 1.072712397487631
10.780780780780782 1.0717307782620717
10.796596596596597 1.0707013879546685
10.812412412412414 1.0696231582905416
10.828228228228229 1.0684942232758035
10.844044044044045 1.0673120901092574
10.85985985985986 1.066073827500514
10.875675675675677 1.0647762634146631
10.891491491491493 1.0634161840705212
10.907307307307308 1.061990526183327
10.923123123123125 1.060496554950694
10.93893893893894 1.0589320211040552
10.954754754754756 1.0572952914440943
10.97057057057057 1.0555854485932241
10.986386386386387 1.053802357167245
11.002202202202204 1.0519466951221434
11.018018018018019 1.050019950598069
11.033833833833835 1.0480243860892164
11.04964964964965 1.0459629731480549
11.065465465465467 1.0438393020248662
11.081281281281282 1.0416574715985931
11.097097097097098 1.039421965634394
11.112912912912913 1.0371375217827745
11.12872872872873 1.0348089998048886
11.144544544544546 1.0324412552737114
11.160360360360361 1.0300390244805524
11.176176176176178 1.0276068255031972
11.191991991991992 1.0251488794094208
11.207807807807809 1.0226690544302102
11.223623623623624 1.0201708346995233
11.23943943943944 1.0176573138837406
11.255255255255257 1.0151312127764343
11.271071071071072 1.0125949187720908
11.286886886886888 1.0100505441099348
11.302702702702703 1.0074999989418811
11.31851851851852 1.004945074662657
11.334334334334335 1.0023875325695326
11.350150150150151 0.9998291928055039
11.365965965965968 0.997272018682079
11.381781781781783 0.9947181918623004
11.3975975975976 0.9921701744860866
11.413413413413414 0.9896307551029563
11.42922922922923 0.9871030761981167
11.445045045045045 0.9845906421072707
11.460860860860862 0.9820973071604194
11.476676676676677 0.9796272449218774
11.492492492492493 0.9771849003510364
11.50830830830831 0.9747749275490553
11.524124124124125 0.9724021164401824
11.539939939939941 0.9700713122312284
11.555755755755756 0.9677873317771435
11.571571571571573 0.9655548810442232
11.587387387387388 0.9633784777060636
11.603203203203204 0.961262382543101
11.61901901901902 0.9592105427670581
11.634834834834836 0.9572265496886193
11.650650650650652 0.9553136123295525
11.666466466466467 0.9534745476939174
11.682282282282284 0.9517117875047717
11.698098098098098 0.9500274003312658
11.713913913913915 0.9484231272226243
11.72972972972973 0.9469004282724601
11.745545545545546 0.9454605369947883
11.761361361361363 0.9441045190294948
11.777177177177178 0.9428333315275618
11.792992992992994 0.9416478796022999
11.80880880880881 0.9405490664684588
11.824624624624626 0.9395378343119988
11.84044044044044 0.9386151935152406
11.856256256256257 0.9377822385721579
11.872072072072074 0.9370401498270462
11.887887887887889 0.9363901810121869
11.903703703703705 0.9358336333996643
11.91951951951952 0.9353718181724962
11.935335335335337 0.9350060093167402
11.951151151151151 0.9347373899003266
11.966966966966968 0.9345669950042935
11.982782782782785 0.9344956547850988
11.9985985985986 0.9345239411602192
12.014414414414416 0.9346521214217548
12.03023023023023 0.9348801217038633
12.046046046046047 0.9352075026798495
12.061861861861862 0.9356334491736279
12.077677677677679 0.9361567745761545
12.093493493493494 0.9367759401044706
12.10930930930931 0.9374890880770829
12.125125125125127 0.9382940875534841
12.140940940940942 0.9391885899450101
12.156756756756758 0.9401700915919888
12.172572572572573 0.9412359998545895
12.18838838838839 0.9423836990094115
12.204204204204204 0.94361061219768
12.220020020020021 0.944914255839394
12.235835835835838 0.946292283304317
12.251651651651652 0.9477425151969446
12.267467467467469 0.949262954339176
12.283283283283284 0.9508517843825687
12.2990990990991 0.95250735190559
12.314914914914915 0.9542281327990285
12.330730730730732 0.9560126846615018
12.346546546546548 0.9578595877643388
12.362362362362363 0.9597673778524742
12.37817817817818 0.9617344745833348
12.393993993993995 0.9637591097360843
12.409809809809811 0.9658392594271497
12.425625625625626 0.9679725844351799
12.441441441441443 0.9701563823732546
12.457257257257258 0.9723875548650591
12.473073073073074 0.974662592114174
12.48888888888889 0.9769775763416947
12.504704704704706 0.9793282045561068
12.520520520520522 0.9817098300658136
12.536336336336337 0.9841175211072015
12.552152152152154 0.9865461339978735
12.567967967967968 0.9889903973903804
12.583783783783785 0.9914450035447921
12.599599599599602 0.9939047020976011
12.615415415415416 0.996364391607091
12.631231231231233 0.9988192042152785
12.647047047047048 1.0012645790835084
12.662862862862864 1.0036963208179377
12.67867867867868 1.006110639873837
12.694494494494496 1.0085041728730357
12.71031031031031 1.0108739818358423
12.726126126126127 1.013217532459058
12.741941941941944 1.0155326527027488
12.757757757757759 1.017817474017213
12.773573573573575 1.0200703584879076
12.78938938938939 1.022289815946345
12.805205205205207 1.0244744156449486
12.821021021021021 1.0266226973915291
12.836836836836838 1.0287330870664513
12.852652652652655 1.0308038211998825
12.86846846846847 1.0328328847804638
12.884284284284286 1.0348179657278118
12.9001001001001 1.036756428530399
12.915915915915917 1.0386453084796141
12.931731731731732 1.0404813267804427
12.947547547547549 1.0422609256543607
12.963363363363365 1.0439803214368548
12.97917917917918 1.0456355726740623
12.994994994994997 1.0472226593974159
13.010810810810812 1.0487375691494387
13.026626626626628 1.0501763849828714
13.042442442442443 1.0515353705795851
13.05825825825826 1.0528110478398527
13.074074074074074 1.0540002627649534
13.089889889889891 1.0551002361697412
13.105705705705708 1.056108596675515
13.121521521521522 1.057023394494512
13.137337337337339 1.0578430956640184
13.153153153153154 1.058566557553784
13.16896896896897 1.0591929875871793
13.184784784784785 1.0597218881190102
13.200600600600602 1.0601529912423118
13.216416416416418 1.060486187903843
13.232232232232233 1.0607214560573628
13.24804804804805 1.0608587926538888
13.263863863863865 1.060898154054193
13.279679679679681 1.060839408962383
13.295495495495496 1.0606823072481597
13.311311311311313 1.0604264670911574
13.327127127127127 1.0600713817975087
13.342942942942944 1.059616446469097
13.35875875875876 1.0590610035176686
13.374574574574575 1.0584044048780905
13.390390390390392 1.0576460877537197
13.406206206206207 1.0567856598815963
13.422022022022023 1.0558229896852245
13.437837837837838 1.0547582963243447
13.453653653653655 1.0535922345753075
13.469469469469471 1.0523259696871081
13.485285285285286 1.0509612378448006
13.501101101101103 1.0495003886059149
13.516916916916918 1.0479464066144544
13.532732732732734 1.0463029109870503
13.548548548548549 1.0445741319443644
13.564364364364366 1.042764865460428
13.580180180180182 1.0408804078549563
13.595995995995997 1.038926473293567
13.611811811811814 1.0369090980299558
13.627627627627628 1.0348345358744653
13.643443443443445 1.032709149770179
13.65925925925926 1.0305393044808673
13.675075075075076 1.028331265240955
13.690890890890891 1.0260911067987113
13.706706706706708 1.023824636627758
13.722522522522524 1.0215373352301615
13.73833833833834 1.0192343154590366
13.754154154154156 1.016920301709821
13.76996996996997 1.0145996287312602
13.785785785785787 1.0122762587539347
13.801601601601602 1.0099538146864948
13.817417417417419 1.0076356263409127
13.833233233233235 1.005324786060909
13.84904904904905 1.003024209772197
13.864864864864867 1.0007366993647295
13.880680680680682 0.9984650024557938
13.896496496496498 0.9962118659535245
13.912312312312313 0.993980080414167
13.92812812812813 0.9917725129221678
13.943943943943946 0.9895921270695776
13.959759759759761 0.9874419895139588
13.975575575575578 0.9853252634932825
13.991391391391392 0.9832451905147619
14.007207207207209 0.9812050621597681
14.023023023023024 0.9792081845147722
14.03883883883884 0.977257838115398
14.054654654654655 0.975357236457016
14.070470470470472 0.9735094860747644
14.086286286286288 0.9717175509368791
14.102102102102103 0.9699842234498199
14.11791791791792 0.9683121037762382
14.133733733733735 0.9667035884614563
14.149549549549551 0.96516086860183
14.165365365365366 0.9636859370236334
14.181181181181183 0.9622806032281875
14.196996996997 0.9609465142484015
14.212812812812814 0.9596851790969978
14.22862862862863 0.9584979942007674
14.244444444444445 0.9573862671291868
14.260260260260262 0.9563512360468376
14.276076076076077 0.9553940826402176
14.291891891891893 0.9545159367696922
14.307707707707708 0.9537178717429166
14.323523523523525 0.9530008898530028
14.339339339339341 0.952365898621355
14.355155155155156 0.9518136789756066
14.370970970970973 0.9513448473210668
14.386786786786788 0.9509598140763897
14.402602602602604 0.9506587416945065
14.418418418418419 0.9504415054419482
14.434234234234236 0.9503076602398408
14.450050050050052 0.9502564166688175
14.465865865865867 0.9502866288138435
14.481681681681684 0.9503967959946434
14.497497497497498 0.9505850796283025
14.513313313313315 0.9508493355499619
14.52912912912913 0.9511871611318822
14.544944944944946 0.9515959555527986
14.560760760760763 0.9520729906425781
14.576576576576578 0.9526154889236609
14.592392392392394 0.9532207048463126
14.60820820820821 0.9538860048150968
14.624024024024026 0.9546089414619289
14.63983983983984 0.9553873177538941
14.655655655655657 0.956219236932198
14.671471471471472 0.9571031349454219
14.687287287287289 0.9580377929324254
14.703103103103105 0.9590223283796765
14.71891891891892 0.9600561647643278
14.734734734734737 0.9611389807291548
14.750550550550551 0.9622706410451694
14.766366366366368 0.9634511127288301
14.782182182182183 0.9646803706242134
14.797997997998 0.9659582974759227
14.813813813813816 0.9672845839581059
14.82962962962963 0.9686586342566498
14.845445445445447 0.9700794826112684
14.861261261261262 0.9715457257167522
14.877077077077079 0.9730554750821642
14.892892892892894 0.9746063323952262
14.90870870870871 0.976195389694279
14.924524524524527 0.9778192547820873
14.940340340340342 0.9794741009029829
14.956156156156158 0.9811557383296362
14.971971971971973 0.982859704249329
14.98778778778779 0.9845813662771463
15.003603603603604 0.9863160341195627
15.019419419419421 0.9880590734165076
15.035235235235236 0.989806015635337
15.051051051051052 0.9915526580886412
15.066866866866869 0.9932951486909465
15.082682682682684 0.995030050928191
15.0984984984985 0.996754385640327
15.114314314314315 0.9984656475472408
15.130130130130132 1.0001617959044948
15.145945945945947 1.001841220173117
15.161761761761763 1.003502683038701
15.17757757757758 1.0051452444334137
15.193393393393395 1.0067681713214631
15.209209209209211 1.008370838837508
15.225025025025026 1.009952628867893
15.240840840840843 1.0115128323052243
15.256656656656657 1.0130505609776639
15.272472472472474 1.0145646746674368
15.288288288288289 1.01605372772181
15.304104104104105 1.0175159385772146
15.319919919919922 1.0189491841326503
15.335735735735737 1.0203510194039487
15.351551551551553 1.0217187213553256
15.367367367367368 1.0230493543306665
15.383183183183185 1.0243398531827264
15.398998998999 1.0255871191038517
15.414814814814816 1.0267881223636572
15.430630630630633 1.027940005706475
15.446446446446448 1.0290401820831816
15.462262262262264 1.0300864206946474
15.47807807807808 1.0310769159912851
15.493893893893896 1.0320103352668706
15.50970970970971 1.032885841747026
15.525525525525527 1.03370309152934
15.541341341341344 1.0344622042968465
15.557157157157159 1.035163709306467
15.572972972972975 1.0358084696547012
15.58878878878879 1.0363975891542778
15.604604604604607 1.0369323072373178
15.620420420420421 1.0374138880670443
15.636236236236238 1.0378435104439285
15.652052052052053 1.0382221651074945
15.66786786786787 1.038550565659022
15.683683683683686 1.0388290785834107
15.6994994994995 1.039057676773068
15.715315315315317 1.0392359196148986
15.731131131131132 1.0393629611714676
15.746946946946949 1.0394375863585683
15.762762762762764 1.0394582733893127
15.77857857857858 1.0394232792153386
15.794394394394397 1.0393307433394412
15.810210210210212 1.0391788042807932
15.826026026026028 1.038965722208397
15.841841841841843 1.038690000865778
15.85765765765766 1.0383505019134147
15.873473473473474 1.037946545215013
15.889289289289291 1.0374779893661021
15.905105105105108 1.0369452878633572
15.920920920920922 1.0363495176760993
15.936736736736739 1.0356923785279077
15.952552552552554 1.0349761628358498
15.96836836836837 1.034203697892045
15.984184184184185 1.0333782634121307
16.0 1.0325034889288027
