0.2 0.03870357273508962
0.21581581581581583 0.027131115951750995
0.23163163163163164 0.01766292379715262
0.24744744744744746 0.010504385764066315
0.26326326326326327 0.005768992557856789
0.2790790790790791 0.0034765138079658753
0.29489489489489495 0.003554977786063729
0.31071071071071077 0.00584630948788345
0.3265265265265266 0.010115334048321323
0.3423423423423424 0.016061718147102777
0.3581581581581582 0.023334308375619672
0.373973973973974 0.03154723699382955
0.38978978978978984 0.04029710541102238
0.40560560560560566 0.0491805260335173
0.42142142142142147 0.057811304390120166
0.4372372372372373 0.06583657483084482
0.4530530530530531 0.07295126243203043
0.4688688688688689 0.07891032768020312
0.48468468468468473 0.08353835469627235
0.5005005005005005 0.08673616307956566
0.5163163163163164 0.08848425226692669
0.5321321321321322 0.08884301975259934
0.547947947947948 0.08794982478452662
0.5637637637637638 0.08601309174292882
0.5795795795795797 0.08330375737954199
0.5953953953953954 0.0801444592822228
0.6112112112112114 0.07689693609536075
0.6270270270270271 0.0739481609832604
0.642842842842843 0.07169575748605295
0.6586586586586587 0.07053325130369126
0.6744744744744746 0.07083569371997667
0.6902902902902903 0.07294615435742158
0.7061061061061062 0.07716352554545824
0.721921921921922 0.08373201121856233
0.7377377377377379 0.0928325937833614
0.7535535535535536 0.10457668685436727
0.7693693693693695 0.11900209419732921
0.7851851851851852 0.13607130946878998
0.8010010010010011 0.1556721108443364
0.8168168168168168 0.17762033229597873
0.8326326326326328 0.20166463137688984
0.8484484484484485 0.22749302345365485
0.8642642642642644 0.25474091521121545
0.8800800800800801 0.28300034604627256
0.895895895895896 0.31183013410591165
0.9117117117117117 0.3407666230997224
0.9275275275275277 0.36933473505130454
0.9433433433433434 0.3970590509885257
0.9591591591591593 0.42347466417305346
0.9749749749749752 0.44813757679984656
0.9907907907907909 0.4706344392451025
1.0066066066066068 0.4905914592422119
1.0224224224224225 0.5076823354965814
1.0382382382382385 0.5216350952944679
1.0540540540540542 0.5322377381369356
1.06986986986987 0.5393426072886423
1.0856856856856858 0.5428694287180509
1.1015015015015017 0.5428069728941459
1.1173173173173174 0.5392133102040737
1.1331331331331334 0.532214646402143
1.148948948948949 0.5220027415368944
1.164764764764765 0.5088309351607588
1.1805805805805807 0.49300882301312954
1.1963963963963966 0.47489565616861906
1.2122122122122123 0.45489256285028723
1.2280280280280282 0.43343372527676605
1.243843843843844 0.4109766781470381
1.2596596596596599 0.38799193034470825
1.2754754754754756 0.36495214547316157
1.2912912912912915 0.34232114794090807
1.3071071071071072 0.32054304736393624
1.3229229229229231 0.30003179286939163
1.3387387387387388 0.28116147841941486
1.3545545545545548 0.26425771873874726
1.3703703703703705 0.24959040144774347
1.3861861861861864 0.23736809373310686
1.402002002002002 0.22773434113008761
1.417817817817818 0.22076604224808016
1.4336336336336337 0.21647401779192343
1.4494494494494496 0.2148058169873861
1.4652652652652653 0.21565072215913628
1.4810810810810813 0.2188468259582872
1.496896896896897 0.22418996926232426
1.512712712712713 0.23144424501574012
1.5285285285285286 0.24035369827103037
1.5443443443443445 0.2506547893293769
1.5601601601601602 0.26208913873732476
1.5759759759759762 0.27441604300310607
1.5917917917917919 0.2874242405680959
1.6076076076076078 0.3009424202474127
1.6234234234234235 0.31484799949537823
1.6392392392392394 0.3290737568605836
1.6550550550550551 0.3436119802084866
1.670870870870871 0.35851588701616954
1.6866866866866868 0.3738981816597302
1.7025025025025027 0.3899267327063961
1.7183183183183186 0.4068174757775983
1.7341341341341343 0.4248247691785061
1.7499499499499502 0.44422954468275133
1.765765765765766 0.46532569924750633
1.7815815815815819 0.48840526004674
1.7973973973973976 0.5137429207362183
1.8132132132132135 0.5415805878665407
1.8290290290290292 0.5721125904656068
1.8448448448448451 0.6054721918423576
1.8606606606606608 0.6417200007191118
1.8764764764764768 0.6808348102750772
1.8922922922922925 0.7227073012228654
1.9081081081081084 0.7671369324301465
1.923923923923924 0.8138322146048715
1.93973973973974 0.8624144247140094
1.9555555555555557 0.9124246771415481
1.9713713713713716 0.96333412837991
1.9871871871871873 1.0145569614921175
2.0030030030030033 1.0654656805228238
2.018818818818819 1.1154081486792837
2.034634634634635 1.1637257317667191
2.050450450450451 1.2097718632707175
2.0662662662662665 1.2529303316091984
2.0820820820820822 1.292632604062358
2.0978978978978984 1.3283735449941716
2.113713713713714 1.3597249561320504
2.12952952952953 1.3863464605683937
2.1453453453453455 1.407993365413804
2.1611611611611616 1.42452126543271
2.1769769769769773 1.4358872856886655
2.192792792792793 1.4421479990550592
2.208608608608609 1.4434541882148215
2.224424424424425 1.4400427455529066
2.2402402402402406 1.4322261127551603
2.2560560560560567 1.4203797503785074
2.2718718718718725 1.4049281925648873
2.287687687687688 1.3863302810101852
2.303503503503504 1.3650641841036555
2.31931931931932 1.3416127919520489
2.3351351351351357 1.3164500371916692
2.3509509509509514 1.2900286276436301
2.366766766766767 1.262769593586038
2.3825825825825833 1.2350539541409178
2.398398398398399 1.207216699046144
2.4142142142142147 1.1795431692911391
2.4300300300300304 1.1522678082022195
2.4458458458458465 1.1255751488372883
2.4616616616616622 1.099602808810304
2.477477477477478 1.0744461840593142
2.4932932932932936 1.0501644718817287
2.50910910910911 1.0267876130682998
2.5249249249249255 1.004323724365383
2.540740740740741 0.9827665958564077
2.556556556556557 0.9621028521590395
2.572372372372373 0.9423184195545141
2.5881881881881887 0.9234040003906074
2.6040040040040044 0.9053593277123967
2.61981981981982 0.8881960529540347
2.6356356356356363 0.8719392032685502
2.651451451451452 0.8566272282317619
2.6672672672672677 0.8423107339615127
2.6830830830830834 0.829050072268735
2.6988988988988996 0.8169120100060125
2.7147147147147153 0.8059657467373879
2.730530530530531 0.7962785754954952
2.746346346346347 0.7879114908973248
2.762162162162163 0.7809150413536999
2.7779779779779785 0.7753256985088723
2.7937937937937942 0.7711629791688683
2.8096096096096104 0.7684275052898741
2.825425425425426 0.767100129106518
2.8412412412412418 0.7671421865521686
2.8570570570570575 0.7684968763026132
2.8728728728728736 0.771091697589368
2.8886886886886893 0.7748418207103677
2.904504504504505 0.7796542128804973
2.9203203203203207 0.7854323011725404
2.936136136136137 0.7920809256438375
2.9519519519519526 0.7995113204769799
2.9677677677677683 0.8076458595088676
2.983583583583584 0.8164223145829094
2.9993993993994 0.8257973997539358
3.015215215215216 0.8357494099187377
3.0310310310310316 0.846279806850319
3.0468468468468473 0.8574136564202576
3.0626626626626634 0.869198875307952
3.078478478478479 0.8817043009404413
3.094294294294295 0.8950166520661504
3.1101101101101105 0.9092364967229009
3.1259259259259267 0.9244733872159069
3.1417417417417424 0.940840356292588
3.157557557557558 0.9584479936928235
3.1733733733733738 0.9773983369002521
3.18918918918919 0.9977788139984514
3.2050050050050056 1.0196564703453257
3.2208208208208213 1.0430726950995346
3.2366366366366375 1.068038639656031
3.252452452452453 1.0945314892919544
3.268268268268269 1.122491713535433
3.2840840840840846 1.151821381818088
3.2998998998999007 1.182383590745952
3.3157157157157164 1.2140030096318333
3.331531531531532 1.2464675134159684
3.347347347347348 1.2795308381621149
3.363163163163164 1.3129161650605095
3.3789789789789797 1.3463205150778705
3.3947947947947954 1.3794198185100262
3.410610610610611 1.4118745118267797
3.4264264264264273 1.4433355081608032
3.442242242242243 1.4734503871320814
3.4580580580580587 1.5018696537613279
3.4738738738738744 1.528252924211527
3.4896896896896905 1.552274907131038
3.505505505505506 1.5736310625658474
3.521321321321322 1.5920428349195967
3.5371371371371376 1.6072623715196972
3.5529529529529538 1.6190766533808931
3.5687687687687695 1.6273109792853724
3.584584584584585 1.6318317580290476
3.600400400400401 1.6325485764871512
3.616216216216217 1.6294155230439733
3.6320320320320327 1.6224317570433007
3.6478478478478484 1.6116413254603836
3.663663663663664 1.5971322382250726
3.6794794794794803 1.5790348237882643
3.695295295295296 1.5575193968261032
3.7111111111111117 1.532793280546519
3.7269269269269274 1.5050972369240223
3.7427427427427435 1.4747013692429871
3.7585585585585592 1.4419005723523575
3.774374374374375 1.4070096166812984
3.790190190190191 1.370357961890062
3.806006006006007 1.332284404514266
3.8218218218218225 1.2931316705488816
3.837637637637638 1.2532410680610069
3.8534534534534544 1.2129473161187234
3.86926926926927 1.1725736641717568
3.8850850850850858 1.132427410246173
3.9009009009009015 1.0927959168137111
3.9167167167167176 1.0539432100484611
3.9325325325325333 1.0161072316708977
3.948348348348349 0.9794977931805301
3.9641641641641647 0.9442952606553456
3.979979979979981 0.9106499752654272
3.9957957957957966 0.8786823911432594
4.011611611611612 0.8484838892767599
4.027427427427428 0.820118204661158
4.043243243243244 0.7936233850391989
4.059059059059059 0.7690141840555426
4.074874874874875 0.7462847802810626
4.090690690690691 0.7254117068628485
4.106506506506507 0.7063568748350173
4.122322322322323 0.6890705764433407
4.138138138138139 0.6734943629956431
4.1539539539539545 0.6595637043027903
4.16976976976977 0.6472103530468885
4.185585585585586 0.6363643565369326
4.2014014014014025 0.6269556792748197
4.217217217217218 0.6189154214538954
4.233033033033034 0.612176639816842
4.24884884884885 0.6066747971131565
4.264664664664665 0.6023478837178169
4.280480480480481 0.599136268952958
4.296296296296297 0.5969823496431115
4.312112112112113 0.5958300690157345
4.327927927927929 0.5956243800722465
4.343743743743745 0.5963107241031329
4.35955955955956 0.597834587460326
4.375375375375376 0.6001411886177697
4.391191191191192 0.6031753337268586
4.4070070070070075 0.606881463232314
4.422822822822823 0.6112038956695791
4.43863863863864 0.6160872585577448
4.4544544544544555 0.621477081337771
4.470270270270271 0.6273205124947323
4.486086086086087 0.6335671131065435
4.501901901901903 0.640169672648842
4.517717717717718 0.6470849902999669
4.533533533533534 0.6542745663316323
4.54934934934935 0.6617051532936624
4.565165165165166 0.6693491252239481
4.580980980980982 0.6771846344477169
4.596796796796798 0.6851955389131584
4.6126126126126135 0.6933710975616514
4.628428428428429 0.7017054460028955
4.644244244244245 0.7101968788041587
4.660060060060061 0.7188469771077345
4.675875875875876 0.7276596302691525
4.691691691691693 0.7366400071255739
4.707507507507509 0.7457935359196686
4.723323323323324 0.7551249516016566
4.73913913913914 0.7646374652278403
4.754954954954956 0.7743321027167436
4.770770770770771 0.7842072497781253
4.786586586586587 0.794258427045599
4.802402402402404 0.8044783051147686
4.818218218218219 0.8148569542047144
4.834034034034035 0.8253823084495202
4.849849849849851 0.8360408112980219
4.8656656656656665 0.8468181969892064
4.881481481481482 0.8577003542867585
4.897297297297298 0.8686742131391363
4.913113113113114 0.8797285930193377
4.92892892892893 0.8908549535075905
4.944744744744746 0.9020479930989475
4.960560560560562 0.9133060509146147
4.976376376376377 0.9246312774405331
4.992192192192193 0.936029553914163
5.008008008008009 0.9475101547138955
5.023823823823824 0.9590851621878553
5.03963963963964 0.9707686578869916
5.055455455455457 0.982575727277994
5.071271271271272 0.9945213259336693
5.087087087087088 1.0066190632999423
5.102902902902904 1.0188799649640483
5.1187187187187195 1.0313112756453924
5.134534534534535 1.0439153628631792
5.150350350350351 1.056688775584441
5.166166166166167 1.0696215035071992
5.181981981981983 1.0826964715484997
5.197797797797799 1.0958892912892195
5.213613613613615 1.10916827737584
5.22942942942943 1.1224947230376057
5.245245245245246 1.1358234157812714
5.261061061061062 1.1491033627499592
5.2768768768768775 1.1622786858441254
5.292692692692694 1.1752896400186994
5.30850850850851 1.1880737045284047
5.3243243243243255 1.2005666964311645
5.340140140140141 1.212703858309464
5.355955955955957 1.2244208776649226
5.371771771771773 1.2356548033355896
5.387587587587588 1.2463448339835443
5.403403403403404 1.2564329644983456
5.419219219219221 1.2658644872942924
5.435035035035036 1.2745883561698135
5.450850850850852 1.2825574299093705
5.466666666666668 1.2897286204943406
5.482482482482483 1.296062976133028
5.498298298298299 1.3015257319697424
5.514114114114115 1.306086361125561
5.5299299299299305 1.3097186556947458
5.545745745745747 1.3124008617034655
5.561561561561563 1.3141158842460032
5.5773773773773785 1.3148515696174221
5.593193193193194 1.314601060947814
5.60900900900901 1.3133632133714523
5.624824824824826 1.3111430449165233
5.640640640640641 1.307952190830221
5.656456456456457 1.3038093226324265
5.672272272272274 1.2987404893657075
5.688088088088089 1.2927793376628105
5.703903903903905 1.2859671695762258
5.719719719719721 1.278352802591031
5.735535535535536 1.2699922046448575
5.751351351351352 1.2609478878804397
5.767167167167168 1.2512880576534406
5.782982982982984 1.2410855272666133
5.7987987987988 1.2304164231596066
5.814614614614616 1.2193587189651707
5.8304304304304315 1.2079906490699028
5.846246246246247 1.1963890622780409
5.862062062062063 1.1846277831736116
5.877877877877879 1.1727760522744592
5.893693693693694 1.1608971157340982
5.909509509509511 1.1490470310588337
5.925325325325327 1.1372737471863967
5.941141141141142 1.1256165056670255
5.956956956956958 1.114105595160656
5.972772772772774 1.102762474760095
5.9885885885885894 1.0916002636572961
6.004404404404405 1.0806245763670952
6.020220220220221 1.069834665124027
6.0360360360360374 1.0592248151630275
6.051851851851853 1.0487859252915255
6.067667667667669 1.0385071962299044
6.0834834834834846 1.0283778432285566
6.0992992992993 1.0183887478332954
6.115115115115116 1.0085339664961102
6.130930930930932 0.9988120208939314
6.146746746746747 0.9892269059582088
6.162562562562564 0.9797887661417765
6.17837837837838 0.9705142075740966
6.194194194194195 0.9614262325516911
6.210010010010011 0.9525538022535855
6.225825825825827 0.9439310526025584
6.2416416416416425 0.9355962057781038
6.257457457457458 0.9275902350768171
6.273273273273275 0.919955352799737
6.2890890890890905 0.9127333989978715
6.304904904904906 0.905964212820128
6.320720720720722 0.8996840677171566
6.336536536536538 0.8939242469445476
6.352352352352353 0.888709827006302
6.368168168168169 0.8840587244329386
6.383983983983985 0.879981046334231
6.399799799799801 0.8764787683837403
6.415615615615617 0.8735457462510583
6.431431431431433 0.8711680490011862
6.447247247247248 0.8693245866063427
6.463063063063064 0.8679879893589904
6.47887887887888 0.8671256853978023
6.4946946946946955 0.866701114346299
6.510510510510511 0.866675010594791
6.526326326326328 0.8670066891811627
6.5421421421421435 0.8676552704642545
6.557957957957959 0.8685807865315318
6.573773773773775 0.8697451220360536
6.589589589589591 0.8711127542453456
6.605405405405406 0.8726512707123514
6.621221221221222 0.8743316572790563
6.637037037037038 0.8761283632108925
6.652852852852854 0.8780191632845905
6.66866866866867 0.8799848478509117
6.684484484484486 0.882008780636315
6.700300300300301 0.8840763698726232
6.716116116116117 0.8861745009840237
6.731931931931933 0.8882909784564117
6.7477477477477485 0.890414020812332
6.763563563563564 0.8925318461567228
6.779379379379381 0.8946323770540806
6.7951951951951965 0.8967030831895649
6.811011011011012 0.8987309690876397
6.826826826826828 0.9007027028859116
6.842642642642644 0.9026048715530863
6.858458458458459 0.9044243387035587
6.874274274274275 0.9061486738980588
6.890090090090092 0.9077666174887564
6.905905905905907 0.9092685429564594
6.921721721721723 0.9106468793974717
6.937537537537539 0.9118964602561597
6.9533533533533545 0.9130147702893977
6.96916916916917 0.9140020706488405
6.984984984984986 0.9148613912998227
7.000800800800802 0.9155983900895821
7.016616616616618 0.9162210879102237
7.032432432432434 0.9167394988494463
7.04824824824825 0.9171651823074962
7.064064064064065 0.9175107501973386
7.079879879879881 0.9177893660837217
7.095695695695697 0.9180142741654149
7.111511511511512 0.9181983942561649
7.127327327327328 0.9183540144579754
7.143143143143145 0.9184926063164618
7.15895895895896 0.9186247783443781
7.174774774774776 0.9187603734810316
7.190590590590592 0.9189087050130093
7.2064064064064075 0.9190789144673541
7.222222222222223 0.9192804247662557
7.238038038038039 0.919523453228515
7.253853853853855 0.9198195424573277
7.269669669669671 0.9201820632763541
7.285485485485487 0.9206266430116548
7.301301301301303 0.9211714747204578
7.317117117117118 0.9218374683898268
7.332932932932934 0.922648213415676
7.34874874874875 0.9236297323801624
7.364564564564565 0.9248100186612218
7.380380380380382 0.9262183639889023
7.396196196196198 0.9278844958797257
7.412012012012013 0.9298375580674798
7.427827827827829 0.9321049787595722
7.443643643643645 0.9347112810067882
7.4594594594594605 0.9376768960266215
7.475275275275276 0.9410170434760179
7.491091091091092 0.9447407421356112
7.5069069069069085 0.948850010170688
7.522722722722724 0.9533393062280504
7.53853853853854 0.9581952514886872
7.554354354354356 0.96339665900259
7.570170170170171 0.9689148809342814
7.585985985985987 0.97471446762408
7.601801801801803 0.9807541155766801
7.6176176176176185 0.9869878656019747
7.633433433433435 0.9933664982924925
7.649249249249251 0.9998390626722712
7.6650650650650665 1.0063544658923202
7.680880880880882 1.0128630477870986
7.696696696696698 1.0193180642315038
7.712512512512514 1.0256770075933948
7.728328328328329 1.031902700960161
7.744144144144145 1.0379641147887329
7.759959959959962 1.043836869532073
7.775775775775777 1.049503404799417
7.791591591591593 1.0549528137504856
7.807407407407409 1.0601803596695334
7.823223223223224 1.0651867089641789
7.83903903903904 1.0699769301854607
7.854854854854856 1.0745593211765692
7.870670670670672 1.0789441353963953
7.886486486486488 1.0831422833042157
7.902302302302304 1.0871640851449413
7.9181181181181195 1.0910181475078633
7.933933933933935 1.0947104278725361
7.949749749749751 1.0982435394771874
7.965565565565567 1.1016163339420084
7.981381381381382 1.1048237820262177
7.997197197197199 1.1078571546975324
8.013013013013014 1.110704488419724
8.02882882882883 1.1133513012996052
8.044644644644645 1.1157815115036118
8.060460460460462 1.1179784970631528
8.076276276276277 1.1199262275723716
8.092092092092093 1.1216103938614626
8.107907907907908 1.1230194617753695
8.123723723723725 1.1241455807095546
8.139539539539541 1.1249852862938041
8.155355355355356 1.12553994906275
8.171171171171173 1.1258159363769338
8.186986986986987 1.1258244723502415
8.202802802802804 1.1255811990616933
8.218618618618619 1.1251054607797204
8.234434434434435 1.124419350202746
8.25025025025025 1.1235465707833567
8.266066066066067 1.122511181143249
8.281881881881882 1.1213362956716306
8.297697697697698 1.1200428191244443
8.313513513513515 1.1186482921542948
8.32932932932933 1.1171659192207073
8.345145145145146 1.115603840547466
8.360960960960961 1.1139646962529686
8.376776776776778 1.1122455142490706
8.392592592592592 1.1104379349314393
8.408408408408409 1.108528766142064
8.424224224224226 1.1065008425066538
8.44004004004004 1.1043341451667072
8.455855855855857 1.1020071221988856
8.471671671671672 1.0994981375720527
8.487487487487488 1.0967869680779514
8.503303303303303 1.0938562637982456
8.51911911911912 1.0906928885917355
8.534934934934935 1.087289062778895
8.550750750750751 1.083643240369759
8.566566566566568 1.0797606672710565
8.582382382382383 1.075653584138288
8.5981981981982 1.0713410569456112
8.614014014014014 1.0668484388416188
8.62982982982983 1.0622064872890409
8.645645645645645 1.0574501796996358
8.661461461461462 1.052617287688249
8.677277277277279 1.0477467837281838
8.693093093093093 1.0428771636232717
8.70890890890891 1.0380447732775862
8.724724724724725 1.0332822284566408
8.740540540540541 1.0286170115825926
8.756356356356356 1.0240703203522754
8.772172172172173 1.019656229629992
8.787987987987988 1.0153812113933687
8.803803803803804 1.011244038430362
8.81961961961962 1.0072360770594047
8.835435435435436 1.0033419535029395
8.851251251251252 0.9995405588232281
8.867067067067067 0.9958063396056277
8.882882882882884 0.9921108068070382
8.898698698698698 0.9884241841626181
8.914514514514515 0.9847171108339343
8.930330330330332 0.9809623109134465
8.946146146146146 0.9771361450393465
8.961961961961963 0.9732199665251301
8.977777777777778 0.9692012156253328
8.993593593593594 0.9650742001777662
9.00940940940941 0.9608405280382181
9.025225225225226 0.9565091754801595
9.041041041041042 0.952096195020129
9.056856856856857 0.9476240848857878
9.072672672672674 0.943120859551384
9.088488488488489 0.9386188755106
9.104304304304305 0.9341534779785092
9.12012012012012 0.9297615419451281
9.135935935935937 0.9254799845972596
9.151751751751751 0.921344325475502
9.167567567567568 0.917387365971219
9.183383383383385 0.9136380512536004
9.1991991991992 0.9101205660118424
9.215015015015016 0.9068537012311019
9.230830830830831 0.9038505134440472
9.246646646646647 0.9011182814341515
9.262462462462462 0.8986587491505394
9.278278278278279 0.8964686285277557
9.294094094094095 0.8945403227996036
9.30990990990991 0.892862820433405
9.325725725725727 0.8914227024999751
9.341541541541542 0.8902052024511394
9.357357357357358 0.8891952570086764
9.373173173173173 0.8883784900751358
9.38898898898899 0.8877420779590871
9.404804804804806 0.887275453290834
9.420620620620621 0.8869708161721342
9.436436436436438 0.8868234336347405
9.452252252252253 0.8868317215992947
9.468068068068069 0.8869971164395875
9.483883883883884 0.8873237552152233
9.4996996996997 0.8878179939663042
9.515515515515515 0.8884878016128822
9.531331331331332 0.8893420725635333
9.547147147147149 0.8903899038735226
9.562962962962963 0.8916398826435091
9.57877877877878 0.893099426430942
9.594594594594595 0.8947742140391439
9.610410410410411 0.8966677365774474
9.626226226226226 0.8987809896866229
9.642042042042043 0.9011123179114516
9.65785785785786 0.9036574120281123
9.673673673673674 0.906409450345847
9.68948948948949 0.909359366203955
9.705305305305306 0.9124962166003376
9.721121121121122 0.9158076215296285
9.736936936936937 0.9192802404566753
9.752752752752754 0.9229002515363237
9.768568568568568 0.9266538006918578
9.784384384384385 0.9305273913134327
9.800200200200202 0.9345081908319577
9.816016016016016 0.9385842373495693
9.831831831831833 0.9427445373685566
9.847647647647648 0.946979053910664
9.863463463463464 0.9512785923988335
9.87927927927928 0.955634599046807
9.895095095095096 0.9600388926883936
9.910910910910912 0.9644833555834912
9.926726726726727 0.9689596114783637
9.942542542542544 0.9734587199158957
9.958358358358359 0.9779709144652812
9.974174174174175 0.982485409281864
9.98998998998999 0.9869902934540151
10.005805805805807 0.9914725262911279
10.021621621621623 0.9959180394859458
10.037437437437438 1.0003119444331139
10.053253253253255 1.0046388354159406
10.06906906906907 1.0088831723883467
10.084884884884886 1.013029721141478
10.1007007007007 1.0170640241469249
10.116516516516517 1.0209728726088212
10.132332332332332 1.0247447494198918
10.148148148148149 1.0283702138623663
10.163963963963965 1.031842201956622
10.17977977977978 1.0351562211491832
10.195595595595597 1.0383104242478636
10.211411411411412 1.0413055547655963
10.227227227227228 1.044144763670246
10.243043043043043 1.0468333054631096
10.25885885885886 1.049378129025816
10.274674674674676 1.0517873853111415
10.290490490490491 1.0540698792900187
10.306306306306308 1.0562344972673818
10.322122122122122 1.0582896425075712
10.337937937937939 1.0602427119454874
10.353753753753754 1.0620996446049389
10.36956956956957 1.0638645683253363
10.385385385385387 1.0655395657507352
10.401201201201202 1.0671245735992168
10.417017017017018 1.0686174214217012
10.432832832832833 1.0700140078461082
10.44864864864865 1.071308604177624
10.464464464464465 1.072494267674834
10.480280280280281 1.073563340295217
10.496096096096096 1.0745080035898358
10.511911911911913 1.0753208570282613
10.52772772772773 1.0759954855496594
10.543543543543544 1.0765269826486625
10.55935935935936 1.0769123977802677
10.575175175175175 1.0771510811555596
10.590990990990992 1.0772449048422832
10.606806806806807 1.0771983461338182
10.622622622622623 1.077018426990917
10.63843843843844 1.076714511533163
10.654254254254255 1.076297971586319
10.670070070070071 1.0757817377148962
10.685885885885886 1.0751797595634673
10.701701701701703 1.074506404336849
10.717517517517518 1.0737758255943322
10.733333333333334 1.0730013360424433
10.749149149149149 1.072194817618811
10.764964964964966 1.0713661999121575
10.780780780780782 1.0705230340126701
10.796596596596597 1.0696701834816438
10.812412412412414 1.068809647598127
10.828228228228229 1.0679405247716571
10.844044044044045 1.0670591164280634
10.85985985985986 1.066159164214087
10.875675675675677 1.0652322064449984
10.891491491491493 1.0642680337167465
10.907307307307308 1.0632552188384794
10.923123123123125 1.062181692952151
10.93893893893894 1.0610353380421385
10.954754754754756 1.0598045660506068
10.97057057057057 1.0584788564568102
10.986386386386387 1.057049227310588
11.002202202202204 1.055508619109515
11.018018018018019 1.0538521762857702
11.033833833833835 1.0520774170849303
11.04964964964965 1.0501842889096376
11.065465465465467 1.0481751123972098
11.081281281281282 1.0460544232500566
11.097097097097098 1.0438287258276964
11.112912912912913 1.041506176481433
11.12872872872873 1.0390962173789204
11.144544544544546 1.0366091830161646
11.160360360360361 1.0340559017217523
11.176176176176178 1.031447313276701
11.191991991991992 1.0287941214330856
11.207807807807809 1.0261064968103488
11.223623623623624 1.0233938416254715
11.23943943943944 1.0206646232512473
11.255255255255257 1.0179262789904688
11.271071071071072 1.0151851899938644
11.286886886886888 1.0124467182055732
11.302702702702703 1.0097152968234246
11.31851851851852 1.0069945621928873
11.334334334334335 1.0042875134333376
11.350150150150151 1.0015966854771743
11.365965965965968 0.9989243215732999
11.381781781781783 0.9962725325896453
11.3975975975976 0.9936434325115291
11.413413413413414 0.991039242194608
11.42922922922923 0.9884623564815966
11.445045045045045 0.9859153730021365
11.460860860860862 0.9834010841148754
11.476676676676677 0.9809224363036234
11.492492492492493 0.978482463716802
11.50830830830831 0.9760842042924603
11.524124124124125 0.9737306079394428
11.539939939939941 0.9714244465023082
11.555755755755756 0.9691682347321202
11.571571571571573 0.9669641702793379
11.587387387387388 0.9648140989284086
11.603203203203204 0.9627195090546942
11.61901901901902 0.9606815567791306
11.634834834834836 0.9587011207152707
11.650650650650652 0.9567788827391721
11.666466466466467 0.9549154290447801
11.682282282282284 0.9531113640314799
11.698098098098098 0.9513674284269934
11.713913913913915 0.9496846125557287
11.72972972972973 0.9480642558506969
11.745545545545546 0.9465081245578733
11.761361361361363 0.9450184610302732
11.777177177177178 0.9435979999479995
11.792992992992994 0.9422499490892705
11.80880880880881 0.9409779347513737
11.824624624624626 0.9397859144029719
11.84044044044044 0.9386780614639859
11.856256256256257 0.9376586290926636
11.872072072072074 0.9367318013716328
11.887887887887889 0.9359015412192766
11.903703703703705 0.9351714446438631
11.91951951951952 0.9345446105846265
11.935335335335337 0.9340235345717597
11.951151151151151 0.9336100328557051
11.966966966966968 0.9333052016141833
11.982782782782785 0.9331094134838995
11.9985985985986 0.9330223511455938
12.014414414414416 0.9330430751897361
12.03023023023023 0.9331701211782404
12.046046046046047 0.9334016188548029
12.061861861861862 0.9337354249786697
12.077677677677679 0.9341692603666154
12.093493493493494 0.934700841488282
12.10930930930931 0.9353279973889814
12.125125125125127 0.9360487637840664
12.140940940940942 0.9368614478085208
12.156756756756758 0.9377646590038036
12.172572572572573 0.9387573045387416
12.18838838838839 0.9398385492276807
12.204204204204204 0.9410077434513316
12.220020020020021 0.9422643244286485
12.235835835835838 0.943607698269022
12.251651651651652 0.9450371117140342
12.267467467467469 0.9465515233510067
12.283283283283284 0.9481494842809272
12.2990990990991 0.9498290377304615
12.314914914914915 0.9515876459376207
12.330730730730732 0.9534221508845563
12.346546546546548 0.955328773210838
12.362362362362363 0.9573031510620795
12.37817817817818 0.9593404178815844
12.393993993993995 0.961435315419574
12.409809809809811 0.9635823356993336
12.425625625625626 0.9657758835148909
12.441441441441443 0.9680104493907356
12.457257257257258 0.9702807819278798
12.473073073073074 0.9725820481689984
12.48888888888889 0.9749099710690329
12.504704704704706 0.9772609343386993
12.520520520520522 0.9796320467712395
12.536336336336337 0.9820211605580927
12.552152152152154 0.9844268409004409
12.567967967967968 0.986848287256288
12.583783783783785 0.9892852096355472
12.599599599599602 0.9917376662724148
12.615415415415416 0.9942058715769878
12.631231231231233 0.9966899853284125
12.647047047047048 0.9991898954826675
12.662862862862864 1.0017050076321359
12.67867867867868 1.0042340540205241
12.694494494494496 1.0067749340846692
12.71031031031031 1.0093245968137665
12.726126126126127 1.0118789728836357
12.741941941941944 1.014432961677409
12.757757757757759 1.016980475116298
12.773573573573575 1.0195145368889689
12.78938938938939 1.022027432390008
12.805205205205207 1.0245109016588778
12.821021021021021 1.0269563650372369
12.836836836836838 1.0293551692942173
12.852652652652655 1.0316988407286445
12.86846846846847 1.0339793313220038
12.884284284284286 1.036189244413996
12.9001001001001 1.0383220275801233
12.915915915915917 1.0403721223340299
12.931731731731732 1.0423350628369281
12.947547547547549 1.0442075188149877
12.963363363363365 1.045987281177467
12.97917917917918 1.0476731921916056
12.994994994994997 1.04926502529894
13.010810810810812 1.0507633225549575
13.026626626626628 1.0521692000643725
13.042442442442443 1.0534841335246818
13.05825825825826 1.0547097369789873
13.074074074074074 1.0558475480608371
13.089889889889891 1.056898832385058
13.105705705705708 1.057864418345952
13.121521521521522 1.058744571522
13.137337337337339 1.059538915289785
13.153153153153154 1.0602464012871406
13.16896896896897 1.0608653302261848
13.184784784784785 1.0613934204399682
13.200600600600602 1.0618279186479487
13.216416416416418 1.0621657449256154
13.232232232232233 1.0624036619156354
13.24804804804805 1.0625384570384
13.263863863863865 1.0625671259215643
13.279679679679681 1.0624870454954312
13.295495495495496 1.0622961261687502
13.311311311311313 1.0619929341348713
13.327127127127127 1.061576777045827
13.342942942942944 1.061047748881506
13.35875875875876 1.060406732657335
13.374574574574575 1.0596553624681229
13.390390390390392 1.058795949068172
13.406206206206207 1.0578313755600421
13.422022022022023 1.0567649716510235
13.437837837837838 1.0556003762151862
13.453653653653655 1.0543413984885088
13.469469469469471 1.0529918880901608
13.485285285285286 1.0515556232180698
13.501101101101103 1.0500362248725952
13.516916916916918 1.0484371029231443
13.532732732732734 1.0467614373900933
13.548548548548549 1.0450121956369438
13.564364364364366 1.043192183439823
13.580180180180182 1.0413041253117368
13.595995995995997 1.039350767187245
13.611811811811814 1.0373349927787465
13.627627627627628 1.0352599437262473
13.643443443443445 1.0331291331663583
13.65925925925926 1.0309465425851863
13.675075075075076 1.0287166927864493
13.690890890890891 1.0264446814441441
13.706706706706708 1.0241361819161763
13.722522522522524 1.0217974006298365
13.73833833833834 1.0194349932396483
13.754154154154156 1.0170559427111863
13.76996996996997 1.014667405302211
13.785785785785787 1.0122765329018928
13.801601601601602 1.0098902821757758
13.817417417417419 1.0075152223042947
13.833233233233235 1.005157353692188
13.84904904904905 1.0028219498083184
13.864864864864867 1.0005134332853807
13.880680680680682 0.9982352956146175
13.896496496496498 0.9959900673103318
13.912312312312313 0.993779342436035
13.92812812812813 0.9916038580581544
13.943943943943946 0.9894636257295631
13.959759759759761 0.9873581087216889
13.975575575575578 0.9852864356377039
13.991391391391392 0.9832476384526637
14.007207207207209 0.981240901114161
14.023023023023024 0.9792658037347058
14.03883883883884 0.977322547201976
14.054654654654655 0.9754121437582544
14.070470470470472 0.9735365607314079
14.086286286286288 0.9716988070556893
14.102102102102103 0.9699029553680347
14.11791791791792 0.9681540961261241
14.133733733733735 0.9664582241554369
14.149549549549551 0.9648220620592103
14.165365365365366 0.9632528287752073
14.181181181181183 0.9617579650010927
14.196996996997 0.9603448300221614
14.212812812812814 0.9590203864820362
14.22862862862863 0.9577908907058024
14.244444444444445 0.9566616062376153
14.260260260260262 0.9556365572728615
14.276076076076077 0.9547183366920658
14.291891891891893 0.953907980543202
14.307707707707708 0.953204917228337
14.323523523523525 0.9526069955321637
14.339339339339341 0.9521105912198781
14.355155155155156 0.9517107874854651
14.370970970970973 0.9514016203085313
14.386786786786788 0.9511763760270552
14.402602602602604 0.9510279253774147
14.418418418418419 0.9509490760750249
14.434234234234236 0.950932924841483
14.450050050050052 0.9509731897012271
14.465865865865867 0.9510645043829714
14.481681681681684 0.9512026587149476
14.497497497497498 0.9513847718834061
14.513313313313315 0.9516093891613511
14.52912912912913 0.9518764969948612
14.544944944944946 0.9521874559111364
14.560760760760763 0.95254485532152
14.576576576576578 0.9529522986680119
14.592392392392394 0.9534141312506675
14.60820820820821 0.9539351262517262
14.624024024024026 0.9545201467580074
14.63983983983984 0.9551738028461009
14.655655655655657 0.955900122965192
14.671471471471472 0.9567022579239621
14.687287287287289 0.9575822338190213
14.703103103103105 0.9585407673513667
14.71891891891892 0.9595771533363844
14.734734734734737 0.9606892300367886
14.750550550550551 0.9618734234816799
14.766366366366368 0.9631248674391019
14.782182182182183 0.9644375914447559
14.797997997998 0.9658047655012252
14.813813813813816 0.9672189869659038
14.82962962962963 0.9686725929153636
14.845445445445447 0.9701579800305725
14.861261261261262 0.9716679138537586
14.877077077077079 0.9731958101242753
14.892892892892894 0.9747359727463601
14.90870870870871 0.976283775657619
14.924524524524527 0.9778357792847879
14.940340340340342 0.9793897761848719
14.956156156156158 0.9809447646402558
14.971971971971973 0.982500853158494
14.98778778778779 0.9840591027760326
15.003603603603604 0.9856213175516698
15.019419419419421 0.9871897964618469
15.035235235235236 0.9887670619191163
15.051051051051052 0.9903555812210613
15.066866866866869 0.9919574973492405
15.082682682682684 0.9935743846846529
15.0984984984985 0.9952070434530185
15.114314314314315 0.9968553441777805
15.130130130130132 0.9985181302637546
15.145945945945947 1.0001931832568915
15.161761761761763 1.0018772515449672
15.17757757757758 1.003566139508138
15.193393393393395 1.0052548506201895
15.209209209209211 1.006937774945493
15.225025025025026 1.0086089090474097
15.240840840840843 1.0102620946549352
15.256656656656657 1.0118912616117761
15.272472472472474 1.0134906606895528
15.288288288288289 1.0150550727647194
15.304104104104105 1.0165799825660329
15.319919919919922 1.0180617075785965
15.335735735735737 1.0194974755859383
15.351551551551553 1.0208854475591616
15.367367367367368 1.0222246859611495
15.383183183183185 1.0235150718191475
15.398998998999 1.0247571769339934
15.414814814814816 1.0259521001622522
15.430630630630633 1.0271012786822797
15.446446446446448 1.0282062864294705
15.462262262262264 1.029268632396847
15.47807807807808 1.030289571229581
15.493893893893896 1.0312699375285446
15.50970970970971 1.0322100135957328
15.525525525525527 1.0331094381198058
15.541341341341344 1.0339671606606498
15.557157157157159 1.0347814439169052
15.572972972972975 1.0355499128297856
15.58878878878879 1.0362696467695751
15.604604604604607 1.0369373085357563
15.620420420420421 1.0375493018239688
15.636236236236238 1.0381019472888995
15.652052052052053 1.0385916664410504
15.66786786786787 1.0390151623956279
15.683683683683686 1.03936958693982
15.6994994994995 1.0396526844557175
15.715315315315317 1.0398629048480206
15.731131131131132 1.0399994796651204
15.746946946946949 1.0400624579323046
15.762762762762764 1.040052700685569
15.77857857857858 1.0399718356481105
15.794394394394397 1.0398221757787585
15.810210210210212 1.0396066074067567
15.826026026026028 1.0393284552377084
15.841841841841843 1.0389913325878601
15.85765765765766 1.0385989857287938
15.873473473473474 1.0381551411887866
15.889289289289291 1.0376633642832886
15.905105105105108 1.0371269360914348
15.920920920920922 1.0365487546434342
15.936736736736739 1.0359312643429421
15.952552552552554 1.0352764157418888
15.96836836836837 1.0345856558420607
15.984184184184185 1.0338599472451868
16.0 1.0330998128280566
