# RSS densities (g/cm^3)
5.069085244119929001e+00
5.203455032969996452e+00
5.520351354243431707e+00
4.972412448612175240e+00
5.320448376506949018e+00
5.310035914967315307e+00
5.333170572917615537e+00
4.389810769837994009e+00
4.736561858226736810e+00
4.272850894162568913e+00
4.195776417057770935e+00
5.225970745209948198e+00
5.401263811245168966e+00
6.450281635641218259e+00
5.187666879681854581e+00
5.282771683401096929e+00
5.724716615713666634e+00
5.171725958480162255e+00
6.367542734809140903e+00
5.233491444173935747e+00
4.656296612572094595e+00
5.454466139242348355e+00
4.930399214047321621e+00
5.326557892349565115e+00
4.290060661996121461e+00
5.594945487641683535e+00
5.057710270102950822e+00
5.877977057271900563e+00
5.642674023957060747e+00
4.523349441806069571e+00
3.534216277852536336e+00
5.205854956284735380e+00
5.779914422030905996e+00
4.413820648383731005e+00
5.776108811678207999e+00
5.887601960918519950e+00
5.279717212275532923e+00
4.426007426042512627e+00
4.505587778067008387e+00
4.582713860450256860e+00
5.273713431891017045e+00
4.821193350801718402e+00
5.203847534540768649e+00
5.919704557718725724e+00
5.319064841936643084e+00
6.279179914794537076e+00
5.739535208444210390e+00
4.786025997808184052e+00
4.986015028408953498e+00
4.777393542721294573e+00
4.715249310863569576e+00
6.206535242125242213e+00
5.208573297444208272e+00
5.436480505874756730e+00
6.331291233197603674e+00
4.673118225061990039e+00
5.304560556833289198e+00
4.956556400836131360e+00
4.757243357427769936e+00
4.716775468382346403e+00
4.420490104048690583e+00
3.879290783875056992e+00
5.110386193786369269e+00
5.273187568177349682e+00
5.098886972539182771e+00
5.385793437574594833e+00
5.223678626098950062e+00
3.380632251996258830e+00
4.758724839645914528e+00
4.462068597748149124e+00
5.541510346168606382e+00
3.828852040720533090e+00
3.211639587520310979e+00
5.326776230096073483e+00
5.830876508844903050e+00
5.261763244299356934e+00
4.346735894088388896e+00
6.025828793383354309e+00
6.183118642544593868e+00
4.668653498831834447e+00
5.384834495104935392e+00
4.623717045046036311e+00
6.446317692382347531e+00
4.964572464147323672e+00
5.149595085958965868e+00
3.893978004857390207e+00
5.388286718082582638e+00
5.506732719943435939e+00
5.769570784404879582e+00
5.359009315370163229e+00
4.842441208442127554e+00
4.861462147930204480e+00
5.586767902550618281e+00
5.265202959421785955e+00
5.294862467837647024e+00
5.158240433357144994e+00
5.340513641038470816e+00
6.298872098067121783e+00
4.145858700859627710e+00
4.268972761208308597e+00
5.447361687080165993e+00
4.178777520907047460e+00
5.483950204583283750e+00
6.055031501886503520e+00
5.082160939254632304e+00
4.440023790137453297e+00
6.100103019583335673e+00
3.972125123991112172e+00
5.499132122204580142e+00
5.003403299413679228e+00
3.964315977347872000e+00
6.335838170247394707e+00
4.368860581027949053e+00
5.434960519499222542e+00
5.179435800480569618e+00
5.813186795649097682e+00
3.895365939050984938e+00
5.060761958091039681e+00
5.225655349613843370e+00
5.841481641534784330e+00
5.668874329763888831e+00
4.440091570173033020e+00
4.750501857076088186e+00
5.058223100069911382e+00
5.070407304187327213e+00
5.174124193470688304e+00
5.444923622809018759e+00
5.798522668487822607e+00
5.218283008619332364e+00
4.756162208241615730e+00
5.297459443483541364e+00
4.427873758311163144e+00
6.141281768310232536e+00
5.625155482238143989e+00
5.427246869179272792e+00
4.336208143044564700e+00
4.309058449557928938e+00
5.894025889326107048e+00
4.617764607946996946e+00
3.347214313402065766e+00
5.813310997650323664e+00
5.576900318739421714e+00
4.327279213389073398e+00
5.665980053469525046e+00
6.162670436755876224e+00
4.026951769663617675e+00
4.631662645249781107e+00
5.154929403165259494e+00
5.128743496808255919e+00
5.562374099701374419e+00
3.497597695376125859e+00
2.876432648331556763e+00
3.436999256327454511e+00
4.350579276472340773e+00
5.768846507137881829e+00
5.492181165111662544e+00
5.180593437104893617e+00
6.232927468678156835e+00
6.059228571026005206e+00
5.310737819343429145e+00
3.996159498323496262e+00
5.254003814225230329e+00
5.249929089899914025e+00
5.708491675771374396e+00
4.569164255476290570e+00
4.607961806383587877e+00
5.485406398515643822e+00
5.267519467108765063e+00
5.224469138955043945e+00
5.150637999131801870e+00
6.352379551048571216e+00
6.048864350531093059e+00
5.560120832176802530e+00
5.739154828137105646e+00
6.359579943706211935e+00
5.574998395735846657e+00
4.046638596852393910e+00
5.597295029443866810e+00
5.959328454673725517e+00
5.726533636273757999e+00
3.775303912488801483e+00
5.565301144869446937e+00
5.112323558494518139e+00
5.445706502411566063e+00
4.269039756070244884e+00
5.250499965258224933e+00
3.875479075414104635e+00
5.738138632493346769e+00
4.847690841454336486e+00
5.040569397677598928e+00
3.627542179160981650e+00
4.290294490982740960e+00
5.590415473002938285e+00
4.687858984825561848e+00
4.980713285535989243e+00
4.484712882730259587e+00
6.349584221609936741e+00
4.205298362771578091e+00
5.390038461787288959e+00
5.529213517361406538e+00
5.082390867039743299e+00
5.017204884481063054e+00
5.742834359263292221e+00
5.792537533561559648e+00
5.144368950755424663e+00
3.711757581306979414e+00
4.288240095796787443e+00
3.723354047292644964e+00
3.487169512662556148e+00
5.383527223366357362e+00
4.755402614590447108e+00
4.842833521665412810e+00
5.156766979980427656e+00
5.485528891334463530e+00
4.868220024103912635e+00
5.545672339826522190e+00
4.647347916528236311e+00
6.390507101153281688e+00
5.073894082654480719e+00
5.520146329740876823e+00
4.109499262156479205e+00
5.471281646549479127e+00
5.693654404127022950e+00
6.127898253936374218e+00
4.781825581503565736e+00
5.722716132846779935e+00
5.173543602103288563e+00
5.688352430674085802e+00
5.549601556036694028e+00
5.327116654316569999e+00
6.155259606539236650e+00
5.175811749217505309e+00
4.338611390659798950e+00
5.631874281493665535e+00
5.224799278274747216e+00
4.786696577645578543e+00
4.244825030982460667e+00
5.483966830898084233e+00
4.910967304243279763e+00
5.424758960286445664e+00
6.130991918320867207e+00
4.286633404947359338e+00
4.708884042058388175e+00
5.318453296882371895e+00
5.923195624732488618e+00
4.786657672711705835e+00
4.546203805259067643e+00
5.362364318487617076e+00
5.591809832045502304e+00
5.081778221050631039e+00
4.901813283020991285e+00
4.611660703661208061e+00
4.993167732173603213e+00
4.316068065892093131e+00
5.102298636391961573e+00
5.216806313149944252e+00
5.223013098163711732e+00
5.694895308882428786e+00
4.278136499875602183e+00
5.104668204118805619e+00
5.214130839496217362e+00
4.359583681277420020e+00
5.399065859454071692e+00
5.084758989841510868e+00
5.079024657571274304e+00
5.254515369842962969e+00
4.669170662562854623e+00
5.762496956602555009e+00
5.468736957281981503e+00
4.154769926799955826e+00
5.160081970694368358e+00
5.413459681202674290e+00
4.675735873819842681e+00
6.142969505001453001e+00
5.408726346406470320e+00
5.288814325849432230e+00
5.266278693950167344e+00
5.456522405382415286e+00
4.907238869238705448e+00
4.854198516289313758e+00
5.141217501875287255e+00
4.593935947731587532e+00
5.343447999425286810e+00
5.652993222995964295e+00
5.354846183951431193e+00
5.635193559146157050e+00
4.587841275831205046e+00
5.012115889363332855e+00
5.281209642958621941e+00
5.112002575655573366e+00
5.314311473821371479e+00
4.161522857102994521e+00
5.405132097658722934e+00
4.845017958480386078e+00
5.429059044833990377e+00
5.298759582475558894e+00
6.345815176454658868e+00
4.833524988606555439e+00
5.538922406997109249e+00
5.049941557365551503e+00
6.218530137251825352e+00
4.822592492720529478e+00
5.233436220551271667e+00
3.792645181324928227e+00
5.514406684153287053e+00
4.894916699495937884e+00
5.374421501884505403e+00
6.387085733246646413e+00
6.138614181880197584e+00
3.523244175451256677e+00
5.103458394662916398e+00
4.137884507408553070e+00
5.092558634118555361e+00
4.949203849172659986e+00
6.457145420154407844e+00
3.765821382609797485e+00
5.018475854315447293e+00
5.359212987873362977e+00
5.361408690767267338e+00
5.105523348069335832e+00
5.725283211732464572e+00
4.784236912865507563e+00
5.470819133817662383e+00
4.177893466187956761e+00
3.087142162364672870e+00
4.682771722250116397e+00
5.568414509025719994e+00
5.355960628445938454e+00
5.577632060755606247e+00
5.181726473665706045e+00
5.641221772731213058e+00
4.838048915259656191e+00
4.249264937682977639e+00
5.231268642001737135e+00
5.232037246159751298e+00
5.993331610733131143e+00
4.684543947420099386e+00
4.286303947796121783e+00
5.188841764506307186e+00
4.245253433592467651e+00
4.805982932238419103e+00
5.735509414482446111e+00
5.191815986754478196e+00
4.853161155436018781e+00
5.393529687442591758e+00
4.656014709935162976e+00
5.405496484107116473e+00
5.573013396714654455e+00
4.718509374916327381e+00
4.769068488086420921e+00
4.906709800889794693e+00
5.189726804107524849e+00
4.852960930440563203e+00
5.187257743617484707e+00
5.942531129931441392e+00
5.808449822158143760e+00
4.679153539743548862e+00
5.253185288285836307e+00
5.184107524196155836e+00
5.285360773211927210e+00
5.365502423227123785e+00
5.400848385124024098e+00
4.499124607433366840e+00
5.516728999589328275e+00
5.955751397007341907e+00
5.311577207797147260e+00
3.545190017986346032e+00
5.465282906660632989e+00
4.821428783263288054e+00
5.582065843149116802e+00
4.590119578468149442e+00
5.496179038457550625e+00
4.998722553824029191e+00
5.455695383215293681e+00
6.467478010770149943e+00
4.264529493052938491e+00
5.138093426176378209e+00
4.788014294789213920e+00
5.774908470547535977e+00
3.457517257460614779e+00
4.607317215976038050e+00
5.316435422402112643e+00
6.137533181378266534e+00
4.976444365909831191e+00
3.709960119236343168e+00
5.017280104696852483e+00
4.239647034511347279e+00
5.101973971227795168e+00
5.180848107432556304e+00
4.546389010995860680e+00
4.946844845001829860e+00
4.834988493499338347e+00
3.289112508585926520e+00
5.205552263164044291e+00
4.871319460983314364e+00
3.919683285824418828e+00
4.948553222754432213e+00
5.979504004695892938e+00
5.597352740846567087e+00
5.520167219330974540e+00
4.727201049580333603e+00
5.238079845536125490e+00
6.356568414621399654e+00
6.140321233991810068e+00
5.132547009041461550e+00
6.119629660065040611e+00
4.095967958842532397e+00
5.569650671151611832e+00
4.718568436729578153e+00
4.492952263788742684e+00
5.779996987259206520e+00
4.247894623790720914e+00
5.064501230125747711e+00
5.811750761619872030e+00
4.878690078274591890e+00
5.355254929396309649e+00
5.753865683025663813e+00
3.435058163572636047e+00
5.313904749476215272e+00
4.017607783765821061e+00
5.350463568150817473e+00
4.818770201628566063e+00
5.031067224096521073e+00
6.237040564850556024e+00
4.850938558375966991e+00
5.211908347070004943e+00
4.998249007397540744e+00
5.372441864834972769e+00
5.438846997719483767e+00
5.362871915983994597e+00
4.405845370227884139e+00
5.335344758660085063e+00
5.855617127453910165e+00
5.190181936703116783e+00
4.712090091620614984e+00
6.030730777901890605e+00
5.645767082266890391e+00
4.707397414268760905e+00
6.228953910756717782e+00
4.571700920465137763e+00
5.732038436626496924e+00
5.307627553230764406e+00
6.177687718044274412e+00
5.255784845886963375e+00
5.279506086492029127e+00
5.775671938238360781e+00
5.457721478654951497e+00
5.314582348416418078e+00
5.793460834538636917e+00
5.413048894428716729e+00
5.406834103536868774e+00
5.655518084923504496e+00
5.061729979397507684e+00
6.061477468412379999e+00
5.426609506712740227e+00
3.766905388569819824e+00
5.565161450428280254e+00
4.745974419444599413e+00
5.827076658569366074e+00
5.707695858495665853e+00
5.642311259417991387e+00
4.880439321948124132e+00
5.484528091208175304e+00
5.228132057230614471e+00
6.328410261347014121e+00
4.653758924243362571e+00
4.112837932159077781e+00
3.539739038831768436e+00
6.321349201724487443e+00
5.926492217710744193e+00
4.896930986590454893e+00
4.742419040123031060e+00
6.246110308605620887e+00
6.171695167254601877e+00
4.591428240319872067e+00
5.667589131109660450e+00
4.438481150444212098e+00
5.136690693980769495e+00
4.278592967800133984e+00
5.359923622903759899e+00
4.789721102015899845e+00
4.810292540062977906e+00
4.796217298922612393e+00
5.263031803158169986e+00
3.745266779300305160e+00
5.780587031335754133e+00
5.215390086774075229e+00
4.251378013692590052e+00
3.579162163504419514e+00
5.359372640234917107e+00
6.157904147054543031e+00
5.802128818207751060e+00
5.342063231107220034e+00
5.161433531287957344e+00
5.203853110022837569e+00
5.966680883892941267e+00
5.111096887924681198e+00
4.665775955174043865e+00
6.391393773248982058e+00
5.186390765500711098e+00
4.109069343830100252e+00
5.005725098287637564e+00
4.930056732319834545e+00
4.959968503348859414e+00
4.651260003430699008e+00
5.002708980444007913e+00
4.876690162871144096e+00
5.374588651257465877e+00
5.530884516610217183e+00
5.044299111248760958e+00
4.173037174956342632e+00
4.767260825817944969e+00
5.260018392847398694e+00
5.906644194774107959e+00
5.024990420501816324e+00
4.807884605087124008e+00
5.220890437121990857e+00
5.547335868606298348e+00
4.714281968569434156e+00
5.300819647593353778e+00
4.441800638442527926e+00
5.210902019877581282e+00
5.163993111939747749e+00
5.707974535871705335e+00
4.732814708966958328e+00
2.994241632876109449e+00
5.045005697458764260e+00
5.135283247369950566e+00
5.788851346180043933e+00
5.066280682989785511e+00
5.030230502572416107e+00
4.559044607325021481e+00
5.629992818262578247e+00
4.254562937204706685e+00
4.300655408182317174e+00
5.652449570550285962e+00
5.558539276107879346e+00
5.186329602907219893e+00
5.581135568875978059e+00
4.599100932405511877e+00
5.720442679667521624e+00
5.275946330781004612e+00
6.159039702776869518e+00
4.563829846424482639e+00
5.403918019171610077e+00
4.318743038419882829e+00
5.567694978635265635e+00
5.199967495878637713e+00
5.744859690636723748e+00
6.348070927745688152e+00
3.320604667461813708e+00
4.346402730546484072e+00
4.744695774937839339e+00
4.828308027888885690e+00
4.618618260253729346e+00
5.435915659493907093e+00
4.130802367792307805e+00
5.207712668392026067e+00
4.893233971660065684e+00
4.658745301031388841e+00
5.571036575548484748e+00
6.070520156473606654e+00
4.988125794816331116e+00
4.600611830710896299e+00
5.242636967976941342e+00
5.176570019225491315e+00
5.008029592689351439e+00
5.227236753957486215e+00
5.812910448033071553e+00
6.235698608506351270e+00
6.487093083473014943e+00
5.123525246539493594e+00
4.646800503901564738e+00
5.415418702108921956e+00
6.235436370819926744e+00
4.624732042948769717e+00
5.066885334733474799e+00
5.203206161005394570e+00
6.300076959795333664e+00
4.842381988886957700e+00
6.352960213480761453e+00
4.881360119844046608e+00
4.760354195063231764e+00
4.800734226471995214e+00
5.272722517033058054e+00
3.854944126881085342e+00
5.872785630277037150e+00
4.271903060611784930e+00
5.673983358534136379e+00
3.580831304142268134e+00
4.515246888303831696e+00
5.216140934574619692e+00
3.773586845108868548e+00
4.748165299647268078e+00
4.959840891847754563e+00
4.810572186219064683e+00
4.243171847310008182e+00
5.121126817819428467e+00
5.101112034961489350e+00
4.763320522786992584e+00
5.278072527879567488e+00
6.017099023823545778e+00
3.250364431003289756e+00
5.607911613310303522e+00
3.541568185234762467e+00
5.341960252881883697e+00
3.927810734137832771e+00
5.416528051893590323e+00
4.884725599182688782e+00
3.972695390665241799e+00
5.242072467039004202e+00
5.388544276251623799e+00
6.514738429503243999e+00
4.128445840474050499e+00
4.976251906401508940e+00
4.298498585806872718e+00
3.731960346913415716e+00
2.669865785056308560e+00
5.224465544655588545e+00
4.903232921391531995e+00
5.627185261223401902e+00
4.978972458466000894e+00
4.296914679385110070e+00
5.468586898800465335e+00
5.344412201391081751e+00
5.729055374721599314e+00
6.175032442331049864e+00
5.720514579319643467e+00
6.275591082682408839e+00
5.373208985231275214e+00
6.356747816176453902e+00
4.322243384307077108e+00
4.521735833968460128e+00
6.072065134433575651e+00
3.604648397457512754e+00
4.755913721202280620e+00
3.186135503696136517e+00
5.603405759709872314e+00
4.729498215012193363e+00
4.603600658650474742e+00
4.735783634625213345e+00
4.778704953097984820e+00
5.492759658967611536e+00
3.739617677909524929e+00
4.867361603512408763e+00
4.794154628290807629e+00
4.793944204121942221e+00
4.994262974371068253e+00
6.506022563275219106e+00
5.345548611670112749e+00
3.997462106277181348e+00
5.390121482995144930e+00
5.526892276911328672e+00
5.232549606449777180e+00
4.977784773078798963e+00
4.665659169191348710e+00
5.645606655258202267e+00
5.277280636126944202e+00
6.301786577519107979e+00
5.430806681394580337e+00
5.690376356921550638e+00
6.151827016398095260e+00
5.441269763696488404e+00
5.482866701728238645e+00
4.171408187202455764e+00
4.413724153325349953e+00
4.533414306762754364e+00
6.173457574572311479e+00
4.911649142963140591e+00
3.958437136201322648e+00
5.121342385157514165e+00
5.748821805228396364e+00
3.467612247516266066e+00
3.920494009025119908e+00
4.664801069939059630e+00
4.048349490675433593e+00
6.158775187633626302e+00
5.106481456753593662e+00
4.453415171986655707e+00
4.928658406851229579e+00
5.077615821157676734e+00
5.834656022399287600e+00
5.353863059006950031e+00
3.621249379878612285e+00
5.228608327022471691e+00
5.324521756138070216e+00
5.155694776439496252e+00
5.369998311103763911e+00
5.996009489896965583e+00
5.528673226642796479e+00
5.658742754686878484e+00
5.330316525685012685e+00
5.669822452214400954e+00
4.521480909652444424e+00
5.682070827129047430e+00
5.846844761141328561e+00
5.007090326590959428e+00
5.675978975226628087e+00
4.209014023553605988e+00
4.934456364505330761e+00
5.666272166812840183e+00
5.015589818211086737e+00
5.736341884152837522e+00
5.729311139727922608e+00
5.339141168443985563e+00
5.305709152092407344e+00
5.865975396185270085e+00
5.651210618526989471e+00
6.013764984532183000e+00
6.108837804774982949e+00
5.516374716981437665e+00
3.579909700108645509e+00
4.441325772499665980e+00
5.388598389102366326e+00
5.750921696211332979e+00
4.678673543745961894e+00
5.792199919690016685e+00
5.683733724094182094e+00
3.965479923369215509e+00
5.207664679187801404e+00
4.201952307483320048e+00
5.161133079032478754e+00
5.706982785024885985e+00
5.954481202728523215e+00
6.188586306593070852e+00
5.488361336154192749e+00
6.350244309091715778e+00
6.149077414437194022e+00
5.027076878333942567e+00
5.444418326648249540e+00
4.954506921619494797e+00
5.565908543026406363e+00
5.687563346501077532e+00
5.092138925065809119e+00
5.476112371454819439e+00
4.364800108489738761e+00
5.750253050619020811e+00
3.829247741841345309e+00
4.445043320622605876e+00
5.658651050812714800e+00
5.831960983672904497e+00
5.982926664705201070e+00
3.400647876211852605e+00
3.967906595437523887e+00
4.247937746941929937e+00
6.358914092362454973e+00
4.535720526627643245e+00
5.207301480059333798e+00
5.200342555090657903e+00
4.184281517404756734e+00
5.317981077861674066e+00
6.019476307719329178e+00
3.876659704458119027e+00
5.513846078049416732e+00
4.857475284576621810e+00
5.892592775630186352e+00
4.676309075133107562e+00
6.210650076084863080e+00
6.247320366313427797e+00
5.916951165512336352e+00
5.727743113641131423e+00
5.679635222007040518e+00
4.700241685522757784e+00
4.424928659132127962e+00
5.244446385033886493e+00
4.577521459862824216e+00
4.469308583731359086e+00
4.845895284391890101e+00
5.650146059544667310e+00
4.323333998914169030e+00
4.733121084316727512e+00
4.739027597887519150e+00
4.716440683063614081e+00
4.693805467367145212e+00
3.534948474145926500e+00
5.551331513120410399e+00
6.319400464752102486e+00
5.343728329881169081e+00
4.842718746810525943e+00
5.982319666297987837e+00
5.354384010135831318e+00
5.486008379432188775e+00
3.502413726471445887e+00
4.713171077602085646e+00
5.347183022073988212e+00
5.370399229271505703e+00
4.720339913160057854e+00
4.729709874156823979e+00
5.358071749183385357e+00
6.064027005129167591e+00
5.433677529988118593e+00
5.109004207680647447e+00
4.999158919241087240e+00
5.111751003222746448e+00
5.443785526136935005e+00
5.119688785111836005e+00
5.177089955199480897e+00
4.798400508501603490e+00
3.291464544413132298e+00
5.210806115931644555e+00
5.205690264361542141e+00
6.460184485410541910e+00
5.330029835462491761e+00
3.766007930555450578e+00
5.711887354197748401e+00
4.163804779346839346e+00
5.648108452484676967e+00
4.200763104014166416e+00
6.158109810596257283e+00
4.427992727118578387e+00
5.441765964135158562e+00
5.108001226486665658e+00
5.443556300583033192e+00
4.099687227293398628e+00
4.661595986819335735e+00
4.885603841464535080e+00
4.969645386779250273e+00
6.574840127301118109e+00
5.095178541609116429e+00
4.330720076612725400e+00
5.134761341379211252e+00
4.176700559167465521e+00
5.222955874375529994e+00
4.334563550487635197e+00
5.333969545087694719e+00
4.823544243370699647e+00
5.595312445960634484e+00
5.486545865689280710e+00
5.316815292560898243e+00
5.445292720851747426e+00
5.518950433781554921e+00
5.348680882811927439e+00
5.639564834433007157e+00
4.474040709617088218e+00
5.992012859164360883e+00
4.699796206366461782e+00
3.957490603073090529e+00
5.330454330535224550e+00
4.450859997274554836e+00
5.296701806631871179e+00
5.424787464479297938e+00
3.609374060777899462e+00
4.044793595662149244e+00
4.378049557074587206e+00
4.616836673557144444e+00
5.232267132102301765e+00
4.253545559723300507e+00
5.536910876725943176e+00
5.388554118110027602e+00
5.312986414451391859e+00
5.079344677215638981e+00
4.914039307406639523e+00
4.077267528627673165e+00
5.794527804980002195e+00
5.208503505194225447e+00
4.171649608148220167e+00
5.609489449355097079e+00
4.825266582120886660e+00
5.435644154058963728e+00
4.891747860843398854e+00
5.268318057760517092e+00
5.148205742940944241e+00
4.765757338091270334e+00
5.407396008372353791e+00
4.485619508714757231e+00
5.780469819027581835e+00
5.289306618336430788e+00
5.680254096341111669e+00
3.108811435316973792e+00
4.273503226530331212e+00
5.092002848788594882e+00
4.180941173338192485e+00
5.597014607927311758e+00
5.342325884864954411e+00
5.217273379719831183e+00
4.805856091629969740e+00
5.360859427473528172e+00
5.980626180717348639e+00
5.932685020099629725e+00
3.620331530360108019e+00
5.071896696747435485e+00
6.115064562241759205e+00
4.371159546602692458e+00
6.074119734757546851e+00
4.948723756080619651e+00
5.502356769480713616e+00
4.106413006829241930e+00
4.380635543603658810e+00
5.611139515095601382e+00
5.229694331311146804e+00
6.251442714954085211e+00
5.363632711806352482e+00
5.339889648811589673e+00
5.903000628085925072e+00
5.488155353110459878e+00
4.335583454926270619e+00
4.347106271483136553e+00
5.831441447592231597e+00
5.063037987923816097e+00
4.804015504455311003e+00
5.118984996195556469e+00
5.406858098573810167e+00
5.554001804007761223e+00
5.356538711249754670e+00
6.292923888343864292e+00
4.946162245051296757e+00
6.280035370858486843e+00
5.438277339467412652e+00
5.365652047939474478e+00
4.698453516033844757e+00
5.209968248020549808e+00
5.769229722292404716e+00
5.099623624683269796e+00
5.595529605756595082e+00
5.191205000396621472e+00
4.459705090387730664e+00
6.434296327345046862e+00
4.768792894764616541e+00
5.173020712301724444e+00
4.836304518337462000e+00
5.307119647009334251e+00
5.341138355436132912e+00
3.567067197101255083e+00
3.504557332768942324e+00
5.065913387715601068e+00
5.084361690332641182e+00
4.672686828072296628e+00
5.129302449195916935e+00
6.564632709475946903e+00
5.368686128852571571e+00
5.611861612154086743e+00
5.168332633048673408e+00
5.780936854654064483e+00
5.353932381806780327e+00
4.526496080210517192e+00
5.925368810688127930e+00
6.314390031773462475e+00
4.981656548257423545e+00
3.762719311036816450e+00
3.741075484174968935e+00
5.092040654812477918e+00
5.351535820220391315e+00
4.038470125381051545e+00
5.666922687567089056e+00
6.181475889033882787e+00
5.852438574777998781e+00
5.317587426148325136e+00
5.419864192317096929e+00
6.278859116767745441e+00
5.682139598401476199e+00
4.985127856489965481e+00
4.828384078444132754e+00
4.995382801673499351e+00
5.307074234980155403e+00
5.579649426148017177e+00
5.661128506611484035e+00
4.459755827257215977e+00
5.551157356039984059e+00
4.042706224910307178e+00
4.180418589917952232e+00
3.860471635335173790e+00
4.042818676382444743e+00
5.760893103292777262e+00
5.801190683712142082e+00
5.052793965316503488e+00
4.620436345110418230e+00
5.264190729198952035e+00
6.381409462586019821e+00
5.938230419648764524e+00
5.696412113522467457e+00
5.206665197397259526e+00
5.341998065606085255e+00
3.826476603459767478e+00
6.362874943643152648e+00
6.373598101904448754e+00
4.425160123761791020e+00
5.629976588572975338e+00
5.673492634156633407e+00
5.126549728229357505e+00
5.524048842346435784e+00
5.766989254854938629e+00
4.059756307158013833e+00
6.496552830425263991e+00
5.470091529734470548e+00
5.320396511562250019e+00
5.017277066039101285e+00
4.719053098151847259e+00
5.359511726976784907e+00
5.804487616598922095e+00
5.210322020685621780e+00
4.825224305453021501e+00
3.500637744525609385e+00
5.451306716328801372e+00
4.953839681902643122e+00
3.198005771160505439e+00
4.187758690641675940e+00
5.729344909192670698e+00
5.995357591637765715e+00
5.586775875816774928e+00
5.191529897870235999e+00
5.098394484037694241e+00
5.586712013013825917e+00
5.133881168969168129e+00
4.797833212969341510e+00
4.505768710383774689e+00
4.614768136420909883e+00
5.356133933101987488e+00
5.242197018939125819e+00
4.080634788430810289e+00
5.469867465116573513e+00
5.696159007497608506e+00
3.624288458337169505e+00
5.198700685110142494e+00
4.349030596194959131e+00
5.135955463413988120e+00
4.869512036316954173e+00
6.155152509372543435e+00
5.174655791867817101e+00
5.551171834932601357e+00
5.319889515899499877e+00
5.246669528745987243e+00
4.506157507357436032e+00
5.244569709568382976e+00
5.391914229687301940e+00
4.146832296560762465e+00
4.350846269788183562e+00
5.700312528057117412e+00
6.472286122679721920e+00
4.827577776536726262e+00
5.946523344107825793e+00
5.444403856031077460e+00
5.756448779050272968e+00
4.854427362662889323e+00
4.281121627470190205e+00
5.576832867241586555e+00
5.696262712729437183e+00
5.595299186188900542e+00
5.143300957842546595e+00
3.148535106207997813e+00
5.438631206564332743e+00
4.965111160662610601e+00
4.728488780363949040e+00
5.820556275109719735e+00
3.395120437470623198e+00
5.327627158622141756e+00
5.154907567818303171e+00
6.358436180276165750e+00
5.212509163631916742e+00
5.478284550064977942e+00
4.196547094582349757e+00
4.627903499388438036e+00
4.515601921007010411e+00
5.254825320927315246e+00
4.954145728412799876e+00
5.728844190563889605e+00
4.461238951173074341e+00
5.667544695722509296e+00
5.227734874128961096e+00
5.686313025767492313e+00
4.818611252787341037e+00
4.900555744151232851e+00
5.365163254631134748e+00
5.647994264957712396e+00
4.872781714758938953e+00
5.131135426618982365e+00
5.383703022901982216e+00
4.980608706522033913e+00
4.677190763201413581e+00
4.681691087666785656e+00
5.234811977976473685e+00
4.835343785015390417e+00
5.907657868077454744e+00
6.325788488868663961e+00
5.116165678793628935e+00
5.640301995880862229e+00
5.096360810280081921e+00
5.186598122670139865e+00
3.729081714754189925e+00
5.127815959619761443e+00
5.630442206458999621e+00
5.524127512774133386e+00
5.105579499407964406e+00
5.083899051853994600e+00
5.489238872363280564e+00
5.636819597630123191e+00
5.296615869602335991e+00
4.563362153195904547e+00
5.473651608616679987e+00
5.360870690751443846e+00
6.400887365636749315e+00
5.215082884436484711e+00
6.196036990601039740e+00
4.642615574824095148e+00
3.874298071156428769e+00
3.696194546640956258e+00
5.364242003876775300e+00
5.307074234980155403e+00
6.141766120798589412e+00
4.515512890096255560e+00
5.774864391066436120e+00
4.385970334433383577e+00
6.088934704116051755e+00
4.251233279468698001e+00
5.010206368087175122e+00
5.533046828705427522e+00
5.287627891964416627e+00
4.909655214789077959e+00
5.600677781468799132e+00
5.378035639147119795e+00
5.163484295431866933e+00
4.171529048309350785e+00
5.278876959843035621e+00
5.127014972230678147e+00
5.774238264969971723e+00
5.880357686281495688e+00
5.328013135665712774e+00
5.618361518352886108e+00
4.651942833165599644e+00
4.285184052021431711e+00
5.214657922493143971e+00
5.246816492066507465e+00
4.857365188015207558e+00
5.787835323367500173e+00
4.189477152914043323e+00
4.732041151667339740e+00
4.196936294859153094e+00
5.300565361311110557e+00
4.216408428751589277e+00
4.520297582978563433e+00
5.447105882020077949e+00
5.285270284608988511e+00
5.662960436068009251e+00
5.710915397550393457e+00
5.530907190378141713e+00
5.425177599483139268e+00
4.904626416574378922e+00
3.973275325129851154e+00
3.906451377769851963e+00
4.997622090187729071e+00
5.779420018289590288e+00
6.040226568730741263e+00
5.551767765430703605e+00
5.031716343037302863e+00
5.276982723059486347e+00
5.752978017951718925e+00
4.905117592019972328e+00
4.153004037509336221e+00
5.239184917103088424e+00
4.692091815053712089e+00
5.334256294291504830e+00
5.227900868499113507e+00
3.204437266399441597e+00
5.107625790056579795e+00
4.272648056720409038e+00
4.283668918326880792e+00
4.968232467161356247e+00
3.099260465155377009e+00
5.281230350290980091e+00
4.595985151166813054e+00
4.594019106355860416e+00
5.265859582256818605e+00
5.546302834287835104e+00
4.751840658193430933e+00
6.081295009079192404e+00
5.771138652550586556e+00
5.681493682327234396e+00
5.703242777385003848e+00
6.067563481596405239e+00
5.677837241076549191e+00
4.777920856651484804e+00
3.078635644490822276e+00
5.626170456705667178e+00
5.292232350596905555e+00
6.319892416175862948e+00
3.588269034703724714e+00
5.838151903048634850e+00
5.473088710106293497e+00
5.896191487522115082e+00
4.423355336149697337e+00
4.318773477555382989e+00
5.291271105048198642e+00
5.412812137063760964e+00
5.422763655554016182e+00
5.338731519269114045e+00
5.280530427931947379e+00
5.552932662618844439e+00
5.058237819282637382e+00
4.278831365615261006e+00
5.378057348988829034e+00
5.208430253783586927e+00
6.156766897283495688e+00
4.485247191237557551e+00
4.238258017297896529e+00
6.052118713543254813e+00
5.389911481817045491e+00
4.418575436901134523e+00
5.280989687707295488e+00
5.261674355730020736e+00
3.826365310116040419e+00
3.871925878089321316e+00
5.522820709407126216e+00
5.656802551254869194e+00
6.423580880006504401e+00
5.209732613619797448e+00
5.389050512435816565e+00
4.751145070544633420e+00
5.057267182920888615e+00
5.393893687375306278e+00
4.685212623778458152e+00
4.146285391757889016e+00
5.116507608104364557e+00
5.753048673371403687e+00
5.906616469034483785e+00
5.672817033085462590e+00
4.973945754831033739e+00
4.410884850957939030e+00
4.908046295702033213e+00
4.749458799801479891e+00
5.450505329843923441e+00
6.373861841301696529e+00
4.616654252826611682e+00
3.535483576372507653e+00
5.816151265977799412e+00
5.492751493366591298e+00
5.118981070137223810e+00
5.370660981296872194e+00
5.498069974491628820e+00
3.332173982739384588e+00
5.135672563781118249e+00
5.237671631791837257e+00
5.571262417782024912e+00
6.310370370701588350e+00
5.467069007186552199e+00
5.091842100801147630e+00
5.205543365584242466e+00
5.594326826759705718e+00
4.237313274521555151e+00
5.628894620492857825e+00
5.049375249304440594e+00
3.895375510284266873e+00
5.045935584561079601e+00
3.797115425456561333e+00
4.093808555966417906e+00
5.529618223443702796e+00
4.558931063224578750e+00
5.775378671234782324e+00
5.103983584486316616e+00
4.272968604678809790e+00
5.215780083274755619e+00
4.790945462318989989e+00
6.096081929717631631e+00
5.462492108392534185e+00
5.208180354018820957e+00
5.705381348267999364e+00
4.551056691270244592e+00
5.107373651741761833e+00
4.891013114196502087e+00
3.345777353585405400e+00
5.848045952639060907e+00
4.423146492678352359e+00
6.183335817472530138e+00
5.083451379904679435e+00
5.355665785076976881e+00
5.562821631410217904e+00
3.246826772489680213e+00
5.270542791292700535e+00
5.579741575459132186e+00
5.229713734384552559e+00
3.103255315417641214e+00
4.661159512532402793e+00
5.683558993480797739e+00
4.211035199570532406e+00
4.616438081780309233e+00
6.074682296684532190e+00
4.952046646595772650e+00
5.068985498566658698e+00
4.735024612663924160e+00
5.179013167770256665e+00
3.127495283103456813e+00
5.498781638064911270e+00
5.324296836933133825e+00
2.243829058184916292e+00
